0.00 1 
0.01 28 
0.02 52 
0.03 92 
0.04 149 
0.05 214 
0.06 325 
0.07 472 
0.08 549 
0.09 723 
0.10 894 
0.11 1033 
0.12 1181 
0.13 1427 
0.14 1642 
0.15 1822 
0.16 2094 
0.17 2435 
0.18 2746 
0.19 2908 
0.20 3185 
0.21 3568 
0.22 3825 
0.23 4170 
0.24 4625 
0.25 5043 
0.26 5361 
0.27 5827 
0.28 6232 
0.29 6745 
0.30 6956 
0.31 7574 
0.32 8143 
0.33 8537 
0.34 9166 
0.35 9722 
0.36 9919 
0.37 10658 
0.38 11127 
0.39 11854 
0.40 12483 
0.41 13249 
0.42 13833 
0.43 14104 
0.44 15285 
0.45 15552 
0.46 16621 
0.47 17018 
0.48 17916 
0.49 18398 
0.50 19263 
0.51 20631 
0.52 20664 
0.53 21055 
0.54 22562 
0.55 22544 
0.56 24523 
0.57 24702 
0.58 25861 
0.59 26859 
0.60 26823 
0.61 28039 
0.62 29815 
0.63 29733 
0.64 32396 
0.65 31420 
0.66 33354 
0.67 33885 
0.68 34935 
0.69 36072 
0.70 36720 
0.71 38926 
0.72 39251 
0.73 38634 
0.74 41882 
0.75 42524 
0.76 43059 
0.77 44661 
0.78 45302 
0.79 46138 
0.80 49405 
0.81 48349 
0.82 50620 
0.83 51367 
0.84 53379 
0.85 53828 
0.86 54480 
0.87 56606 
0.88 57106 
0.89 59397 
0.90 59952 
0.91 60288 
0.92 62893 
0.93 64940 
0.94 63821 
0.95 68299 
0.96 67628 
0.97 69337 
0.98 70118 
0.99 72334 
1.00 75307 
1.01 71668 
1.02 76614 
1.03 80308 
1.04 77661 
1.05 81986 
1.06 78773 
1.07 83558 
1.08 88440 
1.09 85039 
1.10 89414 
1.11 86971 
1.12 95373 
1.13 91705 
1.14 91883 
1.15 97401 
1.16 98246 
1.17 99304 
1.18 99104 
1.19 104678 
1.20 101337 
1.21 105742 
1.22 107183 
1.23 107798 
1.24 112096 
1.25 113358 
1.26 114340 
1.27 110664 
1.28 120831 
1.29 122300 
1.30 117845 
1.31 123553 
1.32 124565 
1.33 129195 
1.34 125624 
1.35 132239 
1.36 131969 
1.37 133612 
1.38 133148 
1.39 139632 
1.40 140447 
1.41 136602 
1.42 147409 
1.43 148211 
1.44 149561 
1.45 150470 
1.46 140878 
1.47 150902 
1.48 161350 
1.49 153301 
1.50 153444 
1.51 165193 
1.52 156316 
1.53 167564 
1.54 168299 
1.55 168683 
1.56 170120 
1.57 171139 
1.58 171963 
1.59 173470 
1.60 186116 
1.61 186400 
1.62 176132 
1.63 188951 
1.64 188840 
1.65 190088 
1.66 191856 
1.67 191733 
1.68 193391 
1.69 204631 
1.70 195686 
1.71 208099 
1.72 197882 
1.73 208691 
1.74 210647 
1.75 211514 
1.76 212994 
1.77 214311 
1.78 226617 
1.79 215746 
1.80 228700 
1.81 217484 
1.82 231531 
1.83 220192 
1.84 232897 
1.85 234499 
1.86 247574 
1.87 236964 
1.88 237954 
1.89 238499 
1.90 240459 
1.91 266139 
1.92 241549 
1.93 256032 
1.94 244701 
1.95 271127 
1.96 259240 
1.97 260859 
1.98 273762 
1.99 262640 
2.00 263667 
2.01 290656 
2.02 265902 
2.03 267044 
2.04 294929 
2.05 268638 
2.06 296808 
2.07 297360 
2.08 272932 
2.09 301508 
2.10 300885 
2.11 303027 
2.12 277048 
2.13 305521 
2.14 306929 
2.15 306822 
2.16 308882 
2.17 338832 
2.18 312128 
2.19 312065 
2.20 314977 
2.21 343481 
2.22 315969 
2.23 317319 
2.24 347372 
2.25 348539 
2.26 320077 
2.27 350970 
2.28 353497 
2.29 324023 
2.30 354370 
2.31 356302 
2.32 357254 
2.33 359022 
2.34 359314 
2.35 360694 
2.36 363365 
2.37 364588 
2.38 364718 
2.39 396228 
2.40 368028 
2.41 369651 
2.42 400267 
2.43 372527 
2.44 402749 
2.45 374064 
2.46 407168 
2.47 375657 
2.48 408793 
2.49 410018 
2.50 411723 
2.51 412690 
2.52 413936 
2.53 415108 
2.54 383895 
2.55 418606 
2.56 451157 
2.57 420234 
2.58 420317 
2.59 455998 
2.60 423493 
2.61 425883 
2.62 460359 
2.63 428396 
2.64 462249 
2.65 430313 
2.66 466158 
2.67 466752 
2.68 467761 
2.69 435961 
2.70 470294 
2.71 472359 
2.72 473917 
2.73 474803 
2.74 475742 
2.75 478129 
2.76 477691 
2.77 480602 
2.78 515499 
2.79 483001 
2.80 482189 
2.81 518720 
2.82 486053 
2.83 488241 
2.84 558281 
2.85 490567 
2.86 491561 
2.87 563495 
2.88 494302 
2.89 567120 
2.90 497893 
2.91 569402 
2.92 499958 
2.93 502079 
2.94 573949 
2.95 503006 
2.96 577970 
2.97 579543 
2.98 508048 
2.99 582043 
3.00 582184 
3.01 511466 
3.02 585973 
3.03 586910 
3.04 589264 
3.05 516500 
3.06 666771 
3.07 519184 
3.08 593957 
3.09 594791 
3.10 596802 
3.11 596696 
3.12 599932 
3.13 601253 
3.14 602581 
3.15 605592 
3.16 606449 
3.17 607182 
3.18 609353 
3.19 609432 
3.20 686114 
3.21 613506 
3.22 612273 
3.23 692463 
3.24 616619 
3.25 617756 
3.26 695399 
3.27 620590 
3.28 701391 
3.29 623022 
3.30 703845 
3.31 625912 
3.32 626765 
3.33 707770 
3.34 709887 
3.35 631833 
3.36 712141 
3.37 633525 
3.38 714156 
3.39 716512 
3.40 717247 
3.41 640826 
3.42 721638 
3.43 722593 
3.44 723710 
3.45 645684 
3.46 726333 
3.47 728755 
3.48 731890 
3.49 730441 
3.50 730564 
3.51 733438 
3.52 734831 
3.53 737647 
3.54 739227 
3.55 739806 
3.56 741498 
3.57 824806 
3.58 746286 
3.59 746174 
3.60 747402 
3.61 832222 
3.62 751706 
3.63 751199 
3.64 752146 
3.65 838952 
3.66 756426 
3.67 756730 
3.68 843621 
3.69 761340 
3.70 845332 
3.71 763480 
3.72 850771 
3.73 850990 
3.74 769175 
3.75 853031 
3.76 854384 
3.77 771824 
3.78 857625 
3.79 774543 
3.80 863384 
3.81 776524 
3.82 952030 
3.83 866761 
3.84 781898 
3.85 869019 
3.86 871002 
3.87 871387 
3.88 874106 
3.89 788230 
3.90 964836 
3.91 878965 
3.92 880008 
3.93 879501 
3.94 883881 
3.95 882757 
3.96 974680 
3.97 885892 
3.98 889489 
3.99 888952 
4.00 891688 
4.01 891959 
4.02 895178 
4.03 1075341 
4.04 896905 
4.05 899902 
4.06 902177 
4.07 901292 
4.08 1083770 
4.09 903460 
4.10 904857 
4.11 907977 
4.12 1092111 
4.13 910231 
4.14 912754 
4.15 1095948 
4.16 915242 
4.17 916700 
4.18 1097954 
4.19 917749 
4.20 919420 
4.21 1105534 
4.22 922544 
4.23 1109721 
4.24 925326 
4.25 926419 
4.26 1113889 
4.27 929701 
4.28 1117658 
4.29 931119 
4.30 1121746 
4.31 934918 
4.32 1123911 
4.33 937541 
4.34 1125624 
4.35 1127059 
4.36 940178 
4.37 1131795 
4.38 945045 
4.39 1135967 
4.40 1134096 
4.41 950246 
4.42 1138820 
4.43 1141581 
4.44 952636 
4.45 1143536 
4.46 1144208 
4.47 957690 
4.48 1148171 
4.49 1150771 
4.50 1151753 
4.51 1151795 
4.52 962266 
4.53 1156744 
4.54 1158741 
4.55 1162825 
4.56 1161045 
4.57 1160677 
4.58 1165541 
4.59 971107 
4.60 1165551 
4.61 1167333 
4.62 1169626 
4.63 1172646 
4.64 1172815 
4.65 1174209 
4.66 1174736 
4.67 1178219 
4.68 1181262 
4.69 1179504 
4.70 1181472 
4.71 1183999 
4.72 1184957 
4.73 1185312 
4.74 1187570 
4.75 1188553 
4.76 1190044 
4.77 1192714 
4.78 1391870 
4.79 1194011 
4.80 1197114 
4.81 1197364 
4.82 1197071 
4.83 1200363 
4.84 1201745 
4.85 1402277 
4.86 1205704 
4.87 1206011 
4.88 1206616 
4.89 1410079 
4.90 1209805 
4.91 1211066 
4.92 1414348 
4.93 1211923 
4.94 1214424 
4.95 1216719 
4.96 1421294 
4.97 1218730 
4.98 1424061 
4.99 1222643 
5.00 1220839 
5.01 1428257 
5.02 1224898 
5.03 1430905 
5.04 1229011 
5.05 1435840 
5.06 1230745 
5.07 1437968 
5.08 1234952 
5.09 1236880 
5.10 1442710 
5.11 1237597 
5.12 1446239 
5.13 1447324 
5.14 1449722 
5.15 1243073 
5.16 1244194 
5.17 1452882 
5.18 1452987 
5.19 1455701 
5.20 1249904 
5.21 1459119 
5.22 1461557 
5.23 1254902 
5.24 1465373 
5.25 1464954 
5.26 1468252 
5.27 1260623 
5.28 1469776 
5.29 1470579 
5.30 1473308 
5.31 1263068 
5.32 1474960 
5.33 1476971 
5.34 1476723 
5.35 1478475 
5.36 1267947 
5.37 1695130 
5.38 1271351 
5.39 1484644 
5.40 1483698 
5.41 1491053 
5.42 1490131 
5.43 1490331 
5.44 1491794 
5.45 1493465 
5.46 1493552 
5.47 1497539 
5.48 1497149 
5.49 1499559 
5.50 1500152 
5.51 1501525 
5.52 1503779 
5.53 1503134 
5.54 1506456 
5.55 1507911 
5.56 1721470 
5.57 1508612 
5.58 1510526 
5.59 1511406 
5.60 1728060 
5.61 1299616 
5.62 1515399 
5.63 1733680 
5.64 1519864 
5.65 1520166 
5.66 1739621 
5.67 1303951 
5.68 1741666 
5.69 1741699 
5.70 1308189 
5.71 1747258 
5.72 1745414 
5.73 1312595 
5.74 1751828 
5.75 1752895 
5.76 1315127 
5.77 1756682 
5.78 1754521 
5.79 1757910 
5.80 1318408 
5.81 1762242 
5.82 1759414 
5.83 1762897 
5.84 1324348 
5.85 1764736 
5.86 1767333 
5.87 1327911 
5.88 1767287 
5.89 1771266 
5.90 1773008 
5.91 1329831 
5.92 1776191 
5.93 1774796 
5.94 1779144 
5.95 1778055 
5.96 1780923 
5.97 1334882 
5.98 1781804 
5.99 1785885 
6.00 1784610 
6.01 1789096 
6.02 1342698 
6.03 1787659 
6.04 1792418 
6.05 1793738 
6.06 1793288 
6.07 1793340 
6.08 1794102 
6.09 1794841 
6.10 1347151 
6.11 1799779 
6.12 1800535 
6.13 2251227 
6.14 1351499 
6.15 1803617 
6.16 1803700 
6.17 1803850 
6.18 1807786 
6.19 1808190 
6.20 1809907 
6.21 1812761 
6.22 1811917 
6.23 1814789 
6.24 1815470 
6.25 1815786 
6.26 1817542 
6.27 1817147 
6.28 1820166 
6.29 1821828 
6.30 1821146 
6.31 1824881 
6.32 1822846 
6.33 1824913 
6.34 1826692 
6.35 1826510 
6.36 1826246 
6.37 1827404 
6.38 1830732 
6.39 1829089 
6.40 2292030 
6.41 1836431 
6.42 1835040 
6.43 1835399 
6.44 1837407 
6.45 1839857 
6.46 2299719 
6.47 1840532 
6.48 1840517 
6.49 1840901 
6.50 1844641 
6.51 1843981 
6.52 1844151 
6.53 2308443 
6.54 1849058 
6.55 1846761 
6.56 1848768 
6.57 2315904 
6.58 1851058 
6.59 1852245 
6.60 1854232 
6.61 2319464 
6.62 1853895 
6.63 1856906 
6.64 1858830 
6.65 1860755 
6.66 2321083 
6.67 1860651 
6.68 1860104 
6.69 2331162 
6.70 1864382 
6.71 1865947 
6.72 2328516 
6.73 1870179 
6.74 1868542 
6.75 1866007 
6.76 1870984 
6.77 2336426 
6.78 2338476 
6.79 1871484 
6.80 1872495 
6.81 2343411 
6.82 1876260 
6.83 1876561 
6.84 2347515 
6.85 1879019 
6.86 1879394 
6.87 2347153 
6.88 1880775 
6.89 2351321 
6.90 1884045 
6.91 1884503 
6.92 2351331 
6.93 1882809 
6.94 2357530 
6.95 1885638 
6.96 1887782 
6.97 2361382 
6.98 2363551 
6.99 1889944 
7.00 1889442 
7.01 2366339 
7.02 1893290 
7.03 2366885 
7.04 2371275 
7.05 1894435 
7.06 2368432 
7.07 1896031 
7.08 2370693 
7.09 1897882 
7.10 2374066 
7.11 1902441 
7.12 2375470 
7.13 1902858 
7.14 2377993 
7.15 2378929 
7.16 1905538 
7.17 2380535 
7.18 1906792 
7.19 2380216 
7.20 2383071 
7.21 1908775 
7.22 2384793 
7.23 2386405 
7.24 1909162 
7.25 2388388 
7.26 1909357 
7.27 2389449 
7.28 2391021 
7.29 1915470 
7.30 2392516 
7.31 2395095 
7.32 1915725 
7.33 2394437 
7.34 2395176 
7.35 1915461 
7.36 2397049 
7.37 2399058 
7.38 1919884 
7.39 2401232 
7.40 2401799 
7.41 2404855 
7.42 1919625 
7.43 2403349 
7.44 2405480 
7.45 2406053 
7.46 2407003 
7.47 2407158 
7.48 2407810 
7.49 1926069 
7.50 2409984 
7.51 2409945 
7.52 2410699 
7.53 2412910 
7.54 1928527 
7.55 2415581 
7.56 2409910 
7.57 2413858 
7.58 1931968 
7.59 2412405 
7.60 2898938 
7.61 1935519 
7.62 2418200 
7.63 1934059 
7.64 2906010 
7.65 2418217 
7.66 1937672 
7.67 2905860 
7.68 1937573 
7.69 2425695 
7.70 2426003 
7.71 2423991 
7.72 2426996 
7.73 2423573 
7.74 2426247 
7.75 2426185 
7.76 2428087 
7.77 2424674 
7.78 2429481 
7.79 1943834 
7.80 2918230 
7.81 2427716 
7.82 2429856 
7.83 2431878 
7.84 2432131 
7.85 2433377 
7.86 2433310 
7.87 2432366 
7.88 2431921 
7.89 2435775 
7.90 2435363 
7.91 2436685 
7.92 2436120 
7.93 2928068 
7.94 2439880 
7.95 2435850 
7.96 2438605 
7.97 2438394 
7.98 2438691 
7.99 2440750 
8.00 2926444 
8.01 1952314 
8.02 2931775 
8.03 1956114 
8.04 2930576 
8.05 1955102 
8.06 2932299 
8.07 2930452 
8.08 1955916 
8.09 2930770 
8.10 1956568 
8.11 2937335 
8.12 1957484 
8.13 2934411 
8.14 2936887 
8.15 1958595 
8.16 2938209 
8.17 2939900 
8.18 1958793 
8.19 2939848 
8.20 1961270 
8.21 2940293 
8.22 2940500 
8.23 1960313 
8.24 2942001 
8.25 2941314 
8.26 1960350 
8.27 2941911 
8.28 2943334 
8.29 1963756 
8.30 2944300 
8.31 2943313 
8.32 1967524 
8.33 2943090 
8.34 2943018 
8.35 1966893 
8.36 2948267 
8.37 2945490 
8.38 1965237 
8.39 2944872 
8.40 2946730 
8.41 1965975 
8.42 2950400 
8.43 2950790 
8.44 2950057 
8.45 1966807 
8.46 2951085 
8.47 2951736 
8.48 1968244 
8.49 2953832 
8.50 2953729 
8.51 1968193 
8.52 2950787 
8.53 2954982 
8.54 1970165 
8.55 2953728 
8.56 2954594 
8.57 2953661 
8.58 2956593 
8.59 1969560 
8.60 2955761 
8.61 2953747 
8.62 2953277 
8.63 1971871 
8.64 2953564 
8.65 2958155 
8.66 2958236 
8.67 1972450 
8.68 2957314 
8.69 2955414 
8.70 2957462 
8.71 2960289 
8.72 2957305 
8.73 1972136 
8.74 2960154 
8.75 2960475 
8.76 2960110 
8.77 1972849 
8.78 2958675 
8.79 2958648 
8.80 2961478 
8.81 2958566 
8.82 2959646 
8.83 1971928 
8.84 2959425 
8.85 2956015 
8.86 2961892 
8.87 2961098 
8.88 2960326 
8.89 1974435 
8.90 2961923 
8.91 2961633 
8.92 2959403 
8.93 2959236 
8.94 2961753 
8.95 1974373 
8.96 2963378 
8.97 2962793 
8.98 2961446 
8.99 2963542 
9.00 2962701 
9.01 2962354 
9.02 2962817 
9.03 2959837 
9.04 1975500 
9.05 2962369 
9.06 2961361 
9.07 2965125 
9.08 2961046 
9.09 2962918 
9.10 2963551 
9.11 2962204 
9.12 2963514 
9.13 2963011 
9.14 2962277 
9.15 2958522 
9.16 2962043 
9.17 2960042 
9.18 1972082 
9.19 2958840 
9.20 2962466 
9.21 2962963 
9.22 2960777 
9.23 2957367 
9.24 2962407 
9.25 2960840 
9.26 2962881 
9.27 2958972 
9.28 2963598 
9.29 2960861 
9.30 2963975 
9.31 2960381 
9.32 2961090 
9.33 2958670 
9.34 2964860 
9.35 2960486 
9.36 2955576 
9.37 2959050 
9.38 2957986 
9.39 2958634 
9.40 2960752 
9.41 2958782 
9.42 2958242 
9.43 2954960 
9.44 2960302 
9.45 2956558 
9.46 2959043 
9.47 2957799 
9.48 2956396 
9.49 2959532 
9.50 2956101 
9.51 2954452 
9.52 2956220 
9.53 2953648 
9.54 2955779 
9.55 2955505 
9.56 2957187 
9.57 3941849 
9.58 2952906 
9.59 2955738 
9.60 2951334 
9.61 2950319 
9.62 2956148 
9.63 2956970 
9.64 2953514 
9.65 2953141 
9.66 2952532 
9.67 2951505 
9.68 2951930 
9.69 2953872 
9.70 2952629 
9.71 3932737 
9.72 2951932 
9.73 2948472 
9.74 2950332 
9.75 2949330 
9.76 2950840 
9.77 2947535 
9.78 2948510 
9.79 3932755 
9.80 2947983 
9.81 2945243 
9.82 2945480 
9.83 2946386 
9.84 2945501 
9.85 3927600 
9.86 2946777 
9.87 2943200 
9.88 2946085 
9.89 2942240 
9.90 2943856 
9.91 2946429 
9.92 3925975 
9.93 2942828 
9.94 2946002 
9.95 2939903 
9.96 2940507 
9.97 3921001 
9.98 2939870 
9.99 2939505 
10.00 2940971 
10.01 2941157 
10.02 3920128 
10.03 2938911 
10.04 2937142 
10.05 2939160 
10.06 2937121 
10.07 3917263 
10.08 2935381 
10.09 2938345 
10.10 2933022 
10.11 3911064 
10.12 2932151 
10.13 2933090 
10.14 2932892 
10.15 3909495 
10.16 2930891 
10.17 2932146 
10.18 2932082 
10.19 2930382 
10.20 3909649 
10.21 2929576 
10.22 2928574 
10.23 2928500 
10.24 3904474 
10.25 2925380 
10.26 2929414 
10.27 3902139 
10.28 2922819 
10.29 3899856 
10.30 2925198 
10.31 2923559 
10.32 2921361 
10.33 2922998 
10.34 3896650 
10.35 2919753 
10.36 3892441 
10.37 2921262 
10.38 2920903 
10.39 3894594 
10.40 2917075 
10.41 2917635 
10.42 3889226 
10.43 2915517 
10.44 2916710 
10.45 3883074 
10.46 2913511 
10.47 2913241 
10.48 3879632 
10.49 2911775 
10.50 2910295 
10.51 3878237 
10.52 2912573 
10.53 3877467 
10.54 2907069 
10.55 2909499 
10.56 2908691 
10.57 3871947 
10.58 2905595 
10.59 3873634 
10.60 2903898 
10.61 3870123 
10.62 2903247 
10.63 2897413 
10.64 3870336 
10.65 2900593 
10.66 2901833 
10.67 3862391 
10.68 2897184 
10.69 3861645 
10.70 2895409 
10.71 3859996 
10.72 2895499 
10.73 2892587 
10.74 3853762 
10.75 3858747 
10.76 2894161 
10.77 2890579 
10.78 3851985 
10.79 2887067 
10.80 3849650 
10.81 2886465 
10.82 3849622 
10.83 2885943 
10.84 2885179 
10.85 3846526 
10.86 2883513 
10.87 3843293 
10.88 3842741 
10.89 2883280 
10.90 3842452 
10.91 2880574 
10.92 3832399 
10.93 2876519 
10.94 2875502 
10.95 3834173 
10.96 2875890 
10.97 3829161 
10.98 2874853 
10.99 3832948 
11.00 2873810 
11.01 3823359 
11.02 3827628 
11.03 2869497 
11.04 3823334 
11.05 2866882 
11.06 2863909 
11.07 3823278 
11.08 3818769 
11.09 2864034 
11.10 3816606 
11.11 2862463 
11.12 3816499 
11.13 3811135 
11.14 2856668 
11.15 3805591 
11.16 2856222 
11.17 3808521 
11.18 3808203 
11.19 2853127 
11.20 2852837 
11.21 4751499 
11.22 2851850 
11.23 2849027 
11.24 3798242 
11.25 2845800 
11.26 3794750 
11.27 3794123 
11.28 3788601 
11.29 2844647 
11.30 3787693 
11.31 2839003 
11.32 3788658 
11.33 3784372 
11.34 1892365 
11.35 3782870 
11.36 3779061 
11.37 3776431 
11.38 3776838 
11.39 3780798 
11.40 3773607 
11.41 1885512 
11.42 3772046 
11.43 3771086 
11.44 3770200 
11.45 3768461 
11.46 3766252 
11.47 1881598 
11.48 3760361 
11.49 3762416 
11.50 3760543 
11.51 3761512 
11.52 3759140 
11.53 1877427 
11.54 3752347 
11.55 3753113 
11.56 3751832 
11.57 3751413 
11.58 3748363 
11.59 3746692 
11.60 1873892 
11.61 3744061 
11.62 3741975 
11.63 3741820 
11.64 3735970 
11.65 3740476 
11.66 3738428 
11.67 3734394 
11.68 1867088 
11.69 3733859 
11.70 3731601 
11.71 3727139 
11.72 3723140 
11.73 3721016 
11.74 3722545 
11.75 1862026 
11.76 3724449 
11.77 3723186 
11.78 3715523 
11.79 3715306 
11.80 3712784 
11.81 3714430 
11.82 3709724 
11.83 1854160 
11.84 3708257 
11.85 3703970 
11.86 3702301 
11.87 3698986 
11.88 3696490 
11.89 3702028 
11.90 3699682 
11.91 3695497 
11.92 3692574 
11.93 3689078 
11.94 1842426 
11.95 3688286 
11.96 3683500 
11.97 3682463 
11.98 3682519 
11.99 3678207 
12.00 3678017 
12.01 3676268 
12.02 3678109 
12.03 3672279 
12.04 3670684 
12.05 1834507 
12.06 5498450 
12.07 1833422 
12.08 3666903 
12.09 3667427 
12.10 3664176 
12.11 3657392 
12.12 3660319 
12.13 3653771 
12.14 3649203 
12.15 3651482 
12.16 3648377 
12.17 3650470 
12.18 3643791 
12.19 3644034 
12.20 3644778 
12.21 1819111 
12.22 5461151 
12.23 1819348 
12.24 5454470 
12.25 1815633 
12.26 3629028 
12.27 5441680 
12.28 1812439 
12.29 3621590 
12.30 3626241 
12.31 3620688 
12.32 3620332 
12.33 3617594 
12.34 3614945 
12.35 3612354 
12.36 3610757 
12.37 3612080 
12.38 3607231 
12.39 3605134 
12.40 3604370 
12.41 3604110 
12.42 3598193 
12.43 3596464 
12.44 3595908 
12.45 3592421 
12.46 3593043 
12.47 3588982 
12.48 3588222 
12.49 3585389 
12.50 3584108 
12.51 3582538 
12.52 3578942 
12.53 3577264 
12.54 3576825 
12.55 3572493 
12.56 3569117 
12.57 3571296 
12.58 3567002 
12.59 3565862 
12.60 3565501 
12.61 3561989 
12.62 3558234 
12.63 3560847 
12.64 3559542 
12.65 3553696 
12.66 3552745 
12.67 3548070 
12.68 3545409 
12.69 3542112 
12.70 3541380 
12.71 3544120 
12.72 3538421 
12.73 3536035 
12.74 3528010 
12.75 3529065 
12.76 3534194 
12.77 3530248 
12.78 3525559 
12.79 3524181 
12.80 5279559 
12.81 3517006 
12.82 3514977 
12.83 3514161 
12.84 3513059 
12.85 3507597 
12.86 3503517 
12.87 3504816 
12.88 3504367 
12.89 3501816 
12.90 3497138 
12.91 3496400 
12.92 3496674 
12.93 5236442 
12.94 3489768 
12.95 3489241 
12.96 3486583 
12.97 3479336 
12.98 3482145 
12.99 3474679 
13.00 3477280 
13.01 3474224 
13.02 3474974 
13.03 3469681 
13.04 5200021 
13.05 1733030 
13.06 3465851 
13.07 5189099 
13.08 3454565 
13.09 3455338 
13.10 3456115 
13.11 3449589 
13.12 3446524 
13.13 3449811 
13.14 5166016 
13.15 3441803 
13.16 1719843 
13.17 5157801 
13.18 3431694 
13.19 3432977 
13.20 3428731 
13.21 3428422 
13.22 3427523 
13.23 5131865 
13.24 1710160 
13.25 5127297 
13.26 3414848 
13.27 3413828 
13.28 3411082 
13.29 3408322 
13.30 3405550 
13.31 3403983 
13.32 3403917 
13.33 5098185 
13.34 3393375 
13.35 3395005 
13.36 3388268 
13.37 3387437 
13.38 3387669 
13.39 5073075 
13.40 1691088 
13.41 5069544 
13.42 3375719 
13.43 3377548 
13.44 3369995 
13.45 5055409 
13.46 1682844 
13.47 5047599 
13.48 3363074 
13.49 3361429 
13.50 3356261 
13.51 3354452 
13.52 5027915 
13.53 1673160 
13.54 5027083 
13.55 3346992 
13.56 3339970 
13.57 5008880 
13.58 1668843 
13.59 5005334 
13.60 3331245 
13.61 3326686 
13.62 3325660 
13.63 4982832 
13.64 1661124 
13.65 4979101 
13.66 3316434 
13.67 3315308 
13.68 3312000 
13.69 4963481 
13.70 1655951 
13.71 4954202 
13.72 3297738 
13.73 3301382 
13.74 3298218 
13.75 4938745 
13.76 3290034 
13.77 3293025 
13.78 3284881 
13.79 4927298 
13.80 3283929 
13.81 3277896 
13.82 3279241 
13.83 3274248 
13.84 4904677 
13.85 3266246 
13.86 3264541 
13.87 3262145 
13.88 3260151 
13.89 4885978 
13.90 3252392 
13.91 3250606 
13.92 3247309 
13.93 3247028 
13.94 4867412 
13.95 3241458 
13.96 3238760 
13.97 4850524 
13.98 3230580 
13.99 3228687 
14.00 3227539 
14.01 3223812 
14.02 3221167 
14.03 4831146 
14.04 3213708 
14.05 3217221 
14.06 4817147 
14.07 3208374 
14.08 3207360 
14.09 4799935 
14.10 3202807 
14.11 3199102 
14.12 3194906 
14.13 4787161 
14.14 3187145 
14.15 3190364 
14.16 4774167 
14.17 3177664 
14.18 3178236 
14.19 3178386 
14.20 4756091 
14.21 3168719 
14.22 3168965 
14.23 3164331 
14.24 3161476 
14.25 4737105 
14.26 3154233 
14.27 3153750 
14.28 3151574 
14.29 4720863 
14.30 3143470 
14.31 4711234 
14.32 3140423 
14.33 3134424 
14.34 4702265 
14.35 3128498 
14.36 3126005 
14.37 3124981 
14.38 3124558 
14.39 4676881 
14.40 4673024 
14.41 3109871 
14.42 3109803 
14.43 3107950 
14.44 3106181 
14.45 4656140 
14.46 3095913 
14.47 4644331 
14.48 3093676 
14.49 3094281 
14.50 3088313 
14.51 4626567 
14.52 3081843 
14.53 3079447 
14.54 3079182 
14.55 4612629 
14.56 3071650 
14.57 4595613 
14.58 3064542 
14.59 3059529 
14.60 4591485 
14.61 3057956 
14.62 3055457 
14.63 4574623 
14.64 3046063 
14.65 3044861 
14.66 4556835 
14.67 3039673 
14.68 3036510 
14.69 4550057 
14.70 3033484 
14.71 3024906 
14.72 4539171 
14.73 3022933 
14.74 3018149 
14.75 4523252 
14.76 3010847 
14.77 3010775 
14.78 4512727 
14.79 3002330 
14.80 3002054 
14.81 4494322 
14.82 2994522 
14.83 4486257 
14.84 2987151 
14.85 2986882 
14.86 4472682 
14.87 2980528 
14.88 4464029 
14.89 2973913 
14.90 2968032 
14.91 4452794 
14.92 2965532 
14.93 4440823 
14.94 2955167 
14.95 4434233 
14.96 2947921 
14.97 4420379 
14.98 2946219 
14.99 2943146 
15.00 2936899 
15.01 4400090 
15.02 2931967 
15.03 4393452 
15.04 2926857 
15.05 4383516 
15.06 2917890 
15.07 4378967 
15.08 1459404 
15.09 4369478 
15.10 2911557 
15.11 4360927 
15.12 2901395 
15.13 4354903 
15.14 2896453 
15.15 4339789 
15.16 2890012 
15.17 2890015 
15.18 4324340 
15.19 2881600 
15.20 4316208 
15.21 4309569 
15.22 1435589 
15.23 4303602 
15.24 2864748 
15.25 4292773 
15.26 4282919 
15.27 1427195 
15.28 4278740 
15.29 4273804 
15.30 2848198 
15.31 4264187 
15.32 2840281 
15.33 2838397 
15.34 4252280 
15.35 4248654 
15.36 2827975 
15.37 2824597 
15.38 4232327 
15.39 2816151 
15.40 4220987 
15.41 2809672 
15.42 4209058 
15.43 2806947 
15.44 4204100 
15.45 2798552 
15.46 2796331 
15.47 4190498 
15.48 4183026 
15.49 2786076 
15.50 2782604 
15.51 4169668 
15.52 4161880 
15.53 2771933 
15.54 2769555 
15.55 4151033 
15.56 2762003 
15.57 4138383 
15.58 4133139 
15.59 1378148 
15.60 4127159 
15.61 4121967 
15.62 4115717 
15.63 2739001 
15.64 2737591 
15.65 4101646 
15.66 2729167 
15.67 4089302 
15.68 4082467 
15.69 2720234 
15.70 4074364 
15.71 2714697 
15.72 2712846 
15.73 4064694 
15.74 2703267 
15.75 4054026 
15.76 4045450 
15.77 2696155 
15.78 4033469 
15.79 2689437 
15.80 2688184 
15.81 4026203 
15.82 4020257 
15.83 2677515 
15.84 4005461 
15.85 2667978 
15.86 3996616 
15.87 3993822 
15.88 2656862 
15.89 3979871 
15.90 2652710 
15.91 3971013 
15.92 3963426 
15.93 2639065 
15.94 3957879 
15.95 2633682 
15.96 3945119 
15.97 2625898 
15.98 3937212 
15.99 2619547 
16.00 2617881 
16.01 5229947 
16.02 2611780 
16.03 2608415 
16.04 2605316 
16.05 5206208 
16.06 2597216 
16.07 2594923 
16.08 2592249 
16.09 5175250 
16.10 2587384 
16.11 2584291 
16.12 5151810 
16.13 2575312 
16.14 2571760 
16.15 5135450 
16.16 2564605 
16.17 2560529 
16.18 5116299 
16.19 2551574 
16.20 2550326 
16.21 2549002 
16.22 5086577 
16.23 2539336 
16.24 2536148 
16.25 2534435 
16.26 5062596 
16.27 2524996 
16.28 2523991 
16.29 5040035 
16.30 2515887 
16.31 2512191 
16.32 5019511 
16.33 2506750 
16.34 2503156 
16.35 5002664 
16.36 2496965 
16.37 2493206 
16.38 2490888 
16.39 4968690 
16.40 2483112 
16.41 2478230 
16.42 4952563 
16.43 2473206 
16.44 4935374 
16.45 2463333 
16.46 2462220 
16.47 2457886 
16.48 4910063 
16.49 2449425 
16.50 2447565 
16.51 4883986 
16.52 2443477 
16.53 2433528 
16.54 4865561 
16.55 2426955 
16.56 2426872 
16.57 4843384 
16.58 2418154 
16.59 2415969 
16.60 2415581 
16.61 4821482 
16.62 2405997 
16.63 4804481 
16.64 2398271 
16.65 2397017 
16.66 4786358 
16.67 2386449 
16.68 2382891 
16.69 4759655 
16.70 2376347 
16.71 2371253 
16.72 4741157 
16.73 2368941 
16.74 2360265 
16.75 4720388 
16.76 2353644 
16.77 2354427 
16.78 4695307 
16.79 2344158 
16.80 2339574 
16.81 4676434 
16.82 2331761 
16.83 2331130 
16.84 4657205 
16.85 2323992 
16.86 2319951 
16.87 4631711 
16.88 2314123 
16.89 4624872 
16.90 2305973 
16.91 2302305 
16.92 4595537 
16.93 2293713 
16.94 2290290 
16.95 4576210 
16.96 2284922 
16.97 2279985 
16.98 4551291 
16.99 2272673 
17.00 2272775 
17.01 4535088 
17.02 2261960 
17.03 2259111 
17.04 4507723 
17.05 2252829 
17.06 4490893 
17.07 2244244 
17.08 2242127 
17.09 2241409 
17.10 4471725 
17.11 2230321 
17.12 4454940 
17.13 2223007 
17.14 4442159 
17.15 2214986 
17.16 2212824 
17.17 4417209 
17.18 2203459 
17.19 2204191 
17.20 4395227 
17.21 2195507 
17.22 2190533 
17.23 4375056 
17.24 2183659 
17.25 4357461 
17.26 2176443 
17.27 2174658 
17.28 4336461 
17.29 2167106 
17.30 2162060 
17.31 4315892 
17.32 2155379 
17.33 4301663 
17.34 2148255 
17.35 2143870 
17.36 4281105 
17.37 2134971 
17.38 4265988 
17.39 2127967 
17.40 2125620 
17.41 4241333 
17.42 2119719 
17.43 4224603 
17.44 2109119 
17.45 4215785 
17.46 2100954 
17.47 2099304 
17.48 2095701 
17.49 4182615 
17.50 2090115 
17.51 4166780 
17.52 2082228 
17.53 4154793 
17.54 2072562 
17.55 2070508 
17.56 4133760 
17.57 2061615 
17.58 4116725 
17.59 2052533 
17.60 2051136 
17.61 4091659 
17.62 2043866 
17.63 4076005 
17.64 2035011 
17.65 4059516 
17.66 2027972 
17.67 2024484 
17.68 4040958 
17.69 2018564 
17.70 2016059 
17.71 4019616 
17.72 2005823 
17.73 4002904 
17.74 1996978 
17.75 3986396 
17.76 1991357 
17.77 3974181 
17.78 1983379 
17.79 1977537 
17.80 3954368 
17.81 1970550 
17.82 3936828 
17.83 1961176 
17.84 3922360 
17.85 1958017 
17.86 1948963 
17.87 3898546 
17.88 1942269 
17.89 3882438 
17.90 1939902 
17.91 1934436 
17.92 3860089 
17.93 1925388 
17.94 3845331 
17.95 1918227 
17.96 3828245 
17.97 1910943 
17.98 3812988 
17.99 1905365 
18.00 3795689 
18.01 1896010 
18.02 1890360 
18.03 3779013 
18.04 1884492 
18.05 3759776 
18.06 1877018 
18.07 3744386 
18.08 1867423 
18.09 1866138 
18.10 3727350 
18.11 1857520 
18.12 3710244 
18.13 1850302 
18.14 3691887 
18.15 1843381 
18.16 3677383 
18.17 1837003 
18.18 3662428 
18.19 1826627 
18.20 3645271 
18.21 1818390 
18.22 1817834 
18.23 3626751 
18.24 1809457 
18.25 3607235 
18.26 1800398 
18.27 3596235 
18.28 1794508 
18.29 3575525 
18.30 1786011 
18.31 3562542 
18.32 1778497 
18.33 3544844 
18.34 1767521 
18.35 3527290 
18.36 1759842 
18.37 1757789 
18.38 3512046 
18.39 1750042 
18.40 3494011 
18.41 1740967 
18.42 3477810 
18.43 1736414 
18.44 1733744 
18.45 3459759 
18.46 3447166 
18.47 1720199 
18.48 3428002 
18.49 1710745 
18.50 1708087 
18.51 3412958 
18.52 1699664 
18.53 3391688 
18.54 3383616 
18.55 1686801 
18.56 1685332 
18.57 3362418 
18.58 1677105 
18.59 3343093 
18.60 1671651 
18.61 3334661 
18.62 1658965 
18.63 3319003 
18.64 1654455 
18.65 3299736 
18.66 1646485 
18.67 3284575 
18.68 1638403 
18.69 3267823 
18.70 1630744 
18.71 3253873 
18.72 1621475 
18.73 3236151 
18.74 1615265 
18.75 3223918 
18.76 1608317 
18.77 3206553 
18.78 1600719 
18.79 3187770 
18.80 1591808 
18.81 3175319 
18.82 1584808 
18.83 3158719 
18.84 1577721 
18.85 3144941 
18.86 1565886 
18.87 3129751 
18.88 1562566 
18.89 3114410 
18.90 1552672 
18.91 3096818 
18.92 1546901 
18.93 3081570 
18.94 3073617 
18.95 1533094 
18.96 1528968 
18.97 3047735 
18.98 1523714 
18.99 3035617 
19.00 3024731 
19.01 1508564 
19.02 3014064 
19.03 1500728 
19.04 2996069 
19.05 1494423 
19.06 2981362 
19.07 1485630 
19.08 2960843 
19.09 1476494 
19.10 2945368 
19.11 1471064 
19.12 2932730 
19.13 1463706 
19.14 2917277 
19.15 2905890 
19.16 1451939 
19.17 2893967 
19.18 1444343 
19.19 2878547 
19.20 1435062 
19.21 2862908 
19.22 1426048 
19.23 2844950 
19.24 1418252 
19.25 2830738 
19.26 1413032 
19.27 2815248 
19.28 2803734 
19.29 1397218 
19.30 2789137 
19.31 1393293 
19.32 2776051 
19.33 1381564 
19.34 2757007 
19.35 1375510 
19.36 2744291 
19.37 1365744 
19.38 2726961 
19.39 1360799 
19.40 2710197 
19.41 1350200 
19.42 2698519 
19.43 2686223 
19.44 1339211 
19.45 2674595 
19.46 2660602 
19.47 1327803 
19.48 1324201 
19.49 2641349 
19.50 1317114 
19.51 2623529 
19.52 2614687 
19.53 1303447 
19.54 2600115 
19.55 1295591 
19.56 2580636 
19.57 1289504 
19.58 2570295 
19.59 2558816 
19.60 1277059 
19.61 2543314 
19.62 1266901 
19.63 2530519 
19.64 1262882 
19.65 2513911 
19.66 2501784 
19.67 1248088 
19.68 2489035 
19.69 1240089 
19.70 2473622 
19.71 2462721 
19.72 1226316 
19.73 2448411 
19.74 1221403 
19.75 2434985 
19.76 2421059 
19.77 1208605 
19.78 1203337 
19.79 2399569 
19.80 2393043 
19.81 1193638 
19.82 2378121 
19.83 1184526 
19.84 2362715 
19.85 2351251 
19.86 1173151 
19.87 2338105 
19.88 2326753 
19.89 1159040 
19.90 1156165 
19.91 2307339 
19.92 2294031 
19.93 1145985 
19.94 2284172 
19.95 2271159 
19.96 1131887 
19.97 2256496 
19.98 2244808 
19.99 1120311 
20.00 2229768 
20.01 1112670 
20.02 2215098 
20.03 1104676 
20.04 2203502 
20.05 2192489 
20.06 1092941 
20.07 2177762 
20.08 1083175 
20.09 2162248 
20.10 2153270 
20.11 1074225 
20.12 2139043 
20.13 1065696 
20.14 2123937 
20.15 2112414 
20.16 1053368 
20.17 2098379 
20.18 2093574 
20.19 1040964 
20.20 2077819 
20.21 1033038 
20.22 2062122 
20.23 2054725 
20.24 1025333 
20.25 2040882 
20.26 1014650 
20.27 2026866 
20.28 2018075 
20.29 1006880 
20.30 2005096 
20.31 1994793 
20.32 992265 
20.33 1982722 
20.34 1972424 
20.35 983255 
20.36 1957869 
20.37 977237 
20.38 1944951 
20.39 969913 
20.40 2894660 
20.41 960264 
20.42 1915558 
20.43 952375 
20.44 1904317 
20.45 948177 
20.46 1892824 
20.47 941581 
20.48 2813412 
20.49 934613 
20.50 1862391 
20.51 925973 
20.52 1848229 
20.53 921131 
20.54 1834728 
20.55 1826568 
20.56 1815931 
20.57 909522 
20.58 1806281 
20.59 1799993 
20.60 896642 
20.61 1785848 
20.62 889052 
20.63 1776925 
20.64 1768048 
20.65 877833 
20.66 1754536 
20.67 872927 
20.68 1742352 
20.69 1734791 
20.70 1727785 
20.71 859090 
20.72 1719520 
20.73 1707643 
20.74 851735 
20.75 1696728 
20.76 1687884 
20.77 842992 
20.78 1676811 
20.79 1669375 
20.80 831844 
20.81 1658142 
20.82 1646554 
20.83 823035 
20.84 1640052 
20.85 1632409 
20.86 814075 
20.87 1619437 
20.88 1615398 
20.89 803419 
20.90 1602784 
20.91 1594677 
20.92 793480 
20.93 1585642 
20.94 1577504 
20.95 786321 
20.96 1562942 
20.97 1560041 
20.98 776358 
20.99 1548459 
21.00 1542428 
21.01 767823 
21.02 1531907 
21.03 1524395 
21.04 1516743 
21.05 756005 
21.06 1506554 
21.07 1496930 
21.08 748573 
21.09 1490916 
21.10 743583 
21.11 1480565 
21.12 1472594 
21.13 734260 
21.14 1463717 
21.15 1454371 
21.16 1449882 
21.17 722682 
21.18 1439113 
21.19 1433510 
21.20 1425758 
21.21 710844 
21.22 1414909 
21.23 1408191 
21.24 702284 
21.25 1399539 
21.26 1394993 
21.27 695074 
21.28 1383909 
21.29 1377650 
21.30 1370049 
21.31 683752 
21.32 1361529 
21.33 677968 
21.34 1352460 
21.35 1346660 
21.36 1336875 
21.37 668206 
21.38 1329911 
21.39 1322983 
21.40 1317866 
21.41 658005 
21.42 1310597 
21.43 1303186 
21.44 650452 
21.45 1294702 
21.46 1287846 
21.47 641024 
21.48 1277569 
21.49 1272841 
21.50 1267243 
21.51 1260630 
21.52 628509 
21.53 1251752 
21.54 622666 
21.55 1242869 
21.56 1237290 
21.57 1230994 
21.58 1224726 
21.59 610722 
21.60 1215968 
21.61 1210800 
21.62 1204663 
21.63 602013 
21.64 1197627 
21.65 1192001 
21.66 593720 
21.67 1183229 
21.68 1176001 
21.69 587919 
21.70 1167136 
21.71 1165765 
21.72 1158614 
21.73 577925 
21.74 1151487 
21.75 1145452 
21.76 1139272 
21.77 1135649 
21.78 565250 
21.79 1127474 
21.80 1121547 
21.81 1114855 
21.82 555475 
21.83 1108944 
21.84 1102305 
21.85 1097203 
21.86 546111 
21.87 1088453 
21.88 1084598 
21.89 541044 
21.90 1075709 
21.91 1072159 
21.92 1066152 
21.93 531282 
21.94 1058089 
21.95 1052327 
21.96 1048275 
21.97 522915 
21.98 1039231 
21.99 1035019 
22.00 1031466 
22.01 513975 
22.02 1023813 
22.03 1020399 
22.04 1012806 
22.05 1006917 
22.06 1005851 
22.07 499687 
22.08 998128 
22.09 991578 
22.10 494352 
22.11 985591 
22.12 979667 
22.13 487292 
22.14 974379 
22.15 968966 
22.16 964688 
22.17 959767 
22.18 954853 
22.19 475175 
22.20 946131 
22.21 941068 
22.22 470487 
22.23 935638 
22.24 1393763 
22.25 463570 
22.26 920213 
22.27 917659 
22.28 457580 
22.29 911610 
22.30 905234 
22.31 904876 
22.32 897030 
22.33 447934 
22.34 890135 
22.35 887164 
22.36 880536 
22.37 877662 
22.38 438028 
22.39 869688 
22.40 867009 
22.41 431244 
22.42 860872 
22.43 1283744 
22.44 426934 
22.45 849098 
22.46 422416 
22.47 842678 
22.48 837328 
22.49 833835 
22.50 829534 
22.51 413079 
22.52 1234059 
22.53 409435 
22.54 816588 
22.55 811332 
22.56 806797 
22.57 802110 
22.58 399961 
22.59 797675 
22.60 792572 
22.61 789261 
22.62 392614 
22.63 782769 
22.64 779484 
22.65 776180 
22.66 771744 
22.67 768487 
22.68 763347 
22.69 0 
22.70 1518569 
22.71 0 
22.72 753870 
22.73 748590 
22.74 746080 
22.75 740827 
22.76 737100 
22.77 733257 
22.78 730595 
22.79 726966 
22.80 723138 
22.81 719573 
22.82 0 
22.83 714506 
22.84 712324 
22.85 708502 
22.86 702886 
22.87 701772 
22.88 697737 
22.89 692652 
22.90 690733 
22.91 685762 
22.92 0 
22.93 1359633 
22.94 0 
22.95 676073 
22.96 672722 
22.97 669508 
22.98 665687 
22.99 663397 
23.00 659283 
23.01 657593 
23.02 652846 
23.03 648132 
23.04 645565 
23.05 641261 
23.06 0 
23.07 637385 
23.08 634226 
23.09 631940 
23.10 627978 
23.11 625936 
23.12 622637 
23.13 620022 
23.14 615829 
23.15 613398 
23.16 609657 
23.17 606558 
23.18 0 
23.19 1202782 
23.20 0 
23.21 597516 
23.22 594474 
23.23 591247 
23.24 587324 
23.25 585702 
23.26 582422 
23.27 578493 
23.28 575903 
23.29 572633 
23.30 569744 
23.31 566419 
23.32 0 
23.33 1122804 
23.34 0 
23.35 1111958 
23.36 0 
23.37 552065 
23.38 548942 
23.39 545652 
23.40 543588 
23.41 539785 
23.42 536546 
23.43 534464 
23.44 530433 
23.45 529287 
23.46 526019 
23.47 524178 
23.48 519795 
23.49 516554 
23.50 0 
23.51 513913 
23.52 511863 
23.53 509940 
23.54 506638 
23.55 504059 
23.56 501248 
23.57 497354 
23.58 496135 
23.59 492645 
23.60 490716 
23.61 488618 
23.62 484564 
23.63 482676 
23.64 480011 
23.65 477404 
23.66 475232 
23.67 0 
23.68 941809 
23.69 0 
23.70 467343 
23.71 462642 
23.72 460884 
23.73 459249 
23.74 457317 
23.75 454025 
23.76 452679 
23.77 447790 
23.78 446917 
23.79 444110 
23.80 441458 
23.81 439826 
23.82 436459 
23.83 435266 
23.84 432543 
23.85 429161 
23.86 0 
23.87 851884 
23.88 0 
23.89 422584 
23.90 836501 
23.91 0 
23.92 415159 
23.93 413389 
23.94 411835 
23.95 409745 
23.96 407586 
23.97 403286 
23.98 401837 
23.99 399558 
24.00 397179 
24.01 394945 
24.02 393181 
24.03 392056 
24.04 388505 
24.05 385758 
24.06 383665 
24.07 382125 
24.08 379747 
24.09 378009 
24.10 375672 
24.11 0 
24.12 743308 
24.13 369413 
24.14 0 
24.15 367608 
24.16 728225 
24.17 0 
24.18 361348 
24.19 359319 
24.20 356564 
24.21 354061 
24.22 353004 
24.23 351433 
24.24 348221 
24.25 346151 
24.26 346248 
24.27 342759 
24.28 340020 
24.29 338962 
24.30 336574 
24.31 334944 
24.32 332879 
24.33 330690 
24.34 329073 
24.35 326969 
24.36 325338 
24.37 322910 
24.38 321826 
24.39 319145 
24.40 318612 
24.41 315467 
24.42 314204 
24.43 0 
24.44 621860 
24.45 308588 
24.46 305987 
24.47 0 
24.48 304250 
24.49 605459 
24.50 299530 
24.51 0 
24.52 298905 
24.53 296446 
24.54 587065 
24.55 291439 
24.56 0 
24.57 288813 
24.58 286755 
24.59 285496 
24.60 566679 
24.61 0 
24.62 280757 
24.63 278796 
24.64 276596 
24.65 275607 
24.66 274073 
24.67 273021 
24.68 270176 
24.69 269333 
24.70 267127 
24.71 266042 
24.72 264418 
24.73 262570 
24.74 261091 
24.75 259449 
24.76 257930 
24.77 256159 
24.78 254605 
24.79 253067 
24.80 251334 
24.81 249994 
24.82 248585 
24.83 247517 
24.84 245510 
24.85 244610 
24.86 242343 
24.87 241075 
24.88 239414 
24.89 238293 
24.90 236336 
24.91 235714 
24.92 232995 
24.93 232450 
24.94 231368 
24.95 229256 
24.96 228597 
24.97 227407 
24.98 224892 
24.99 223199 
25.00 222630 
25.01 221189 
25.02 219778 
25.03 218481 
25.04 216234 
25.05 215776 
25.06 213979 
25.07 212181 
25.08 210857 
25.09 210386 
25.10 209596 
25.11 207109 
25.12 206455 
25.13 204330 
25.14 204939 
25.15 202222 
25.16 201061 
25.17 199449 
25.18 198400 
25.19 197973 
25.20 196194 
25.21 193980 
25.22 194012 
25.23 192908 
25.24 191666 
25.25 189522 
25.26 189391 
25.27 188108 
25.28 186815 
25.29 185049 
25.30 182924 
25.31 183074 
25.32 181244 
25.33 180535 
25.34 178381 
25.35 177648 
25.36 176729 
25.37 175597 
25.38 174221 
25.39 173577 
25.40 172560 
25.41 171009 
25.42 169599 
25.43 168015 
25.44 167891 
25.45 167164 
25.46 165901 
25.47 165091 
25.48 163829 
25.49 163130 
25.50 161640 
25.51 160465 
25.52 159160 
25.53 158564 
25.54 157805 
25.55 156166 
25.56 155129 
25.57 154556 
25.58 152865 
25.59 152307 
25.60 151112 
25.61 299540 
25.62 148013 
25.63 147465 
25.64 146188 
25.65 145094 
25.66 144185 
25.67 143555 
25.68 141947 
25.69 141313 
25.70 140594 
25.71 139649 
25.72 138482 
25.73 137884 
25.74 136489 
25.75 135874 
25.76 134829 
25.77 134035 
25.78 132421 
25.79 132633 
25.80 130731 
25.81 130271 
25.82 129416 
25.83 128680 
25.84 127271 
25.85 126451 
25.86 250063 
25.87 125046 
25.88 123457 
25.89 122500 
25.90 121750 
25.91 120669 
25.92 119897 
25.93 119377 
25.94 118334 
25.95 117659 
25.96 116646 
25.97 116516 
25.98 115637 
25.99 114641 
26.00 114147 
26.01 112789 
26.02 111701 
26.03 111112 
26.04 109850 
26.05 109524 
26.06 108766 
26.07 108154 
26.08 213202 
26.09 105777 
26.10 105584 
26.11 0 
26.12 104579 
26.13 103904 
26.14 204808 
26.15 101240 
26.16 100173 
26.17 99721 
26.18 99341 
26.19 98598 
26.20 97803 
26.21 97325 
26.22 97065 
26.23 95906 
26.24 95020 
26.25 94499 
26.26 93263 
26.27 93683 
26.28 92142 
26.29 182209 
26.30 90437 
26.31 89676 
26.32 0 
26.33 89120 
26.34 175894 
26.35 87320 
26.36 86762 
26.37 85707 
26.38 85458 
26.39 85475 
26.40 84413 
26.41 83304 
26.42 82924 
26.43 82131 
26.44 82016 
26.45 81011 
26.46 80366 
26.47 159335 
26.48 78896 
26.49 0 
26.50 78151 
26.51 154262 
26.52 76401 
26.53 75636 
26.54 75376 
26.55 75323 
26.56 74100 
26.57 73540 
26.58 73135 
26.59 72681 
26.60 71633 
26.61 71377 
26.62 141715 
26.63 0 
26.64 69784 
26.65 69107 
26.66 137139 
26.67 67939 
26.68 67773 
26.69 66932 
26.70 66084 
26.71 65649 
26.72 65418 
26.73 64985 
26.74 64116 
26.75 64019 
26.76 63034 
26.77 62833 
26.78 62363 
26.79 122752 
26.80 60869 
26.81 0 
26.82 120593 
26.83 59584 
26.84 58755 
26.85 58845 
26.86 58026 
26.87 58167 
26.88 57285 
26.89 57503 
26.90 56724 
26.91 111637 
26.92 0 
26.93 55376 
26.94 108889 
26.95 53758 
26.96 53820 
26.97 52836 
26.98 52421 
26.99 52274 
27.00 51850 
27.01 51524 
27.02 51126 
27.03 50928 
27.04 50294 
27.05 99273 
27.06 49090 
27.07 0 
27.08 97193 
27.09 47768 
27.10 47961 
27.11 47387 
27.12 47098 
27.13 46560 
27.14 46396 
27.15 91624 
27.16 0 
27.17 45219 
27.18 89335 
27.19 44246 
27.20 0 
27.21 87305 
27.22 43145 
27.23 42859 
27.24 42337 
27.25 42348 
27.26 42171 
27.27 82796 
27.28 41256 
27.29 0 
27.30 80562 
27.31 39252 
27.32 39526 
27.33 39029 
27.34 38805 
27.35 38692 
27.36 38224 
27.37 37736 
27.38 38007 
27.39 74973 
27.40 36465 
27.41 0 
27.42 73271 
27.43 35903 
27.44 35572 
27.45 35204 
27.46 35264 
27.47 34948 
27.48 68851 
27.49 0 
27.50 67925 
27.51 33341 
27.52 33158 
27.53 33390 
27.54 32690 
27.55 32119 
27.56 32061 
27.57 31916 
27.58 62912 
27.59 30976 
27.60 0 
27.61 61471 
27.62 30240 
27.63 29989 
27.64 29740 
27.65 29769 
27.66 58832 
27.67 0 
27.68 57393 
27.69 28553 
27.70 0 
27.71 56557 
27.72 27833 
27.73 27707 
27.74 27300 
27.75 27192 
27.76 53519 
27.77 0 
27.78 52989 
27.79 25912 
27.80 26026 
27.81 25430 
27.82 25389 
27.83 25137 
27.84 24954 
27.85 24766 
27.86 49084 
27.87 0 
27.88 49157 
27.89 23782 
27.90 23524 
27.91 23509 
27.92 23075 
27.93 22775 
27.94 22876 
27.95 45352 
27.96 0 
27.97 44399 
27.98 21701 
27.99 21902 
28.00 21438 
28.01 21414 
28.02 21352 
28.03 21189 
28.04 41965 
28.05 0 
28.06 41353 
28.07 20274 
28.08 20358 
28.09 19848 
28.10 39620 
28.11 0 
28.12 38824 
28.13 19118 
28.14 18897 
28.15 18651 
28.16 18673 
28.17 18553 
28.18 18305 
28.19 36396 
28.20 0 
28.21 35486 
28.22 17544 
28.23 17461 
28.24 17306 
28.25 17197 
28.26 17207 
28.27 33750 
28.28 0 
28.29 33474 
28.30 16149 
28.31 16386 
28.32 16028 
28.33 31735 
28.34 0 
28.35 31021 
28.36 0 
28.37 30760 
28.38 15205 
28.39 15239 
28.40 15069 
28.41 29668 
28.42 0 
28.43 29268 
28.44 14314 
28.45 14329 
28.46 14392 
28.47 14239 
28.48 14014 
28.49 13733 
28.50 27378 
28.51 13348 
28.52 13352 
28.53 13376 
28.54 26358 
28.55 0 
28.56 25797 
28.57 0 
28.58 25129 
28.59 12597 
28.60 12523 
28.61 12241 
28.62 12157 
28.63 23856 
28.64 11744 
28.65 11763 
28.66 11537 
28.67 11462 
28.68 11346 
28.69 22580 
28.70 0 
28.71 22257 
28.72 10975 
28.73 10987 
28.74 10781 
28.75 10653 
28.76 21077 
28.77 0 
28.78 20665 
28.79 10398 
28.80 10368 
28.81 20155 
28.82 0 
28.83 19737 
28.84 0 
28.85 19395 
28.86 9646 
28.87 9419 
28.88 18906 
28.89 0 
28.90 18533 
28.91 9149 
28.92 9074 
28.93 8913 
28.94 8807 
28.95 17512 
28.96 0 
28.97 17301 
28.98 8513 
28.99 8410 
29.00 8367 
29.01 8152 
29.02 8096 
29.03 16203 
29.04 7944 
29.05 7850 
29.06 7880 
29.07 7808 
29.08 15537 
29.09 0 
29.10 15143 
29.11 7533 
29.12 7339 
29.13 7155 
29.14 7212 
29.15 14504 
29.16 7213 
29.17 6874 
29.18 6967 
29.19 6903 
29.20 6740 
29.21 13335 
29.22 6580 
29.23 6479 
29.24 6540 
29.25 6586 
29.26 6254 
29.27 12963 
29.28 6202 
29.29 6169 
29.30 6052 
29.31 5977 
29.32 12088 
29.33 5989 
29.34 5808 
29.35 5845 
29.36 5776 
29.37 5668 
29.38 11448 
29.39 5566 
29.40 5409 
29.41 5391 
29.42 5524 
29.43 5415 
29.44 10610 
29.45 5150 
29.46 5129 
29.47 5103 
29.48 5131 
29.49 4843 
29.50 9943 
29.51 4906 
29.52 4687 
29.53 4864 
29.54 4726 
29.55 4671 
29.56 9341 
29.57 4536 
29.58 4392 
29.59 4458 
29.60 9019 
29.61 0 
29.62 8754 
29.63 4261 
29.64 4236 
29.65 4117 
29.66 8213 
29.67 4098 
29.68 4096 
29.69 3931 
29.70 7742 
29.71 0 
29.72 7551 
29.73 3772 
29.74 3753 
29.75 3808 
29.76 7434 
29.77 3556 
29.78 3594 
29.79 3712 
29.80 7014 
29.81 0 
29.82 6902 
29.83 3344 
29.84 3355 
29.85 3295 
29.86 3284 
29.87 6605 
29.88 3103 
29.89 3187 
29.90 3232 
29.91 6296 
29.92 0 
29.93 6121 
29.94 3030 
29.95 5978 
29.96 0 
29.97 5782 
29.98 2804 
29.99 2800 
30.00 2765 
30.01 2851 
30.02 5397 
30.03 2689 
30.04 2657 
30.05 2580 
30.06 5036 
30.07 2504 
30.08 2541 
30.09 2447 
30.10 2515 
30.11 4742 
30.12 0 
30.13 4754 
30.14 2320 
30.15 4563 
30.16 0 
30.17 2251 
30.18 4564 
30.19 2215 
30.20 2297 
30.21 2209 
30.22 4251 
30.23 2052 
30.24 4196 
30.25 0 
30.26 2050 
30.27 4067 
30.28 1973 
30.29 1901 
30.30 1871 
30.31 3779 
30.32 1869 
30.33 1791 
30.34 1860 
30.35 1807 
30.36 3578 
30.37 1799 
30.38 3406 
30.39 0 
30.40 1725 
30.41 3357 
30.42 1661 
30.43 3277 
30.44 0 
30.45 1577 
30.46 3140 
30.47 1438 
30.48 2970 
30.49 0 
30.50 1523 
30.51 2944 
30.52 1421 
30.53 2884 
30.54 1359 
30.55 0 
30.56 2665 
30.57 1294 
30.58 2551 
30.59 1298 
30.60 1278 
30.61 1241 
30.62 1248 
30.63 2430 
30.64 1224 
30.65 1273 
30.66 1174 
30.67 1212 
30.68 2261 
30.69 1180 
30.70 1124 
30.71 2269 
30.72 0 
30.73 2135 
30.74 1049 
30.75 1036 
30.76 2019 
30.77 952 
30.78 1051 
30.79 987 
30.80 1006 
30.81 1913 
30.82 938 
30.83 912 
30.84 1863 
30.85 904 
30.86 852 
30.87 896 
30.88 864 
30.89 1601 
30.90 820 
30.91 836 
30.92 1619 
30.93 0 
30.94 1555 
30.95 804 
30.96 762 
30.97 1549 
30.98 706 
30.99 704 
31.00 703 
31.01 705 
31.02 717 
31.03 1406 
31.04 622 
31.05 1349 
31.06 622 
31.07 633 
31.08 1331 
31.09 0 
31.10 653 
31.11 1248 
31.12 599 
31.13 587 
31.14 1193 
31.15 581 
31.16 585 
31.17 1134 
31.18 564 
31.19 0 
31.20 1070 
31.21 537 
31.22 1067 
31.23 519 
31.24 463 
31.25 1013 
31.26 462 
31.27 503 
31.28 900 
31.29 0 
31.30 443 
31.31 822 
31.32 434 
31.33 438 
31.34 857 
31.35 474 
31.36 421 
31.37 819 
31.38 391 
31.39 361 
31.40 716 
31.41 364 
31.42 0 
31.43 722 
31.44 361 
31.45 365 
31.46 648 
31.47 355 
31.48 335 
31.49 343 
31.50 679 
31.51 336 
31.52 325 
31.53 651 
31.54 281 
31.55 292 
31.56 545 
31.57 317 
31.58 307 
31.59 279 
31.60 258 
31.61 265 
31.62 513 
31.63 250 
31.64 243 
31.65 456 
31.66 237 
31.67 250 
31.68 233 
31.69 467 
31.70 233 
31.71 218 
31.72 419 
31.73 206 
31.74 203 
31.75 384 
31.76 175 
31.77 171 
31.78 192 
31.79 362 
31.80 153 
31.81 190 
31.82 370 
31.83 182 
31.84 159 
31.85 325 
31.86 169 
31.87 159 
31.88 144 
31.89 326 
31.90 173 
31.91 138 
31.92 284 
31.93 134 
31.94 151 
31.95 169 
31.96 272 
31.97 134 
31.98 106 
31.99 112 
32.00 256 
32.01 0 
32.02 259 
32.03 233 
32.04 0 
32.05 219 
32.06 0 
32.07 231 
32.08 166 
32.09 0 
32.10 188 
32.11 189 
32.12 0 
32.13 190 
32.14 154 
32.15 0 
32.16 166 
32.17 0 
32.18 149 
32.19 150 
32.20 134 
32.21 0 
32.22 135 
32.23 0 
32.24 120 
32.25 139 
32.26 0 
32.27 142 
32.28 118 
32.29 0 
32.30 111 
32.31 124 
32.32 0 
32.33 97 
32.34 0 
32.35 118 
32.36 103 
32.37 98 
32.38 0 
32.39 108 
32.40 0 
32.41 99 
32.42 83 
32.43 0 
32.44 106 
32.45 91 
32.46 0 
32.47 85 
32.48 87 
32.49 0 
32.50 79 
32.51 0 
32.52 70 
32.53 72 
32.54 71 
32.55 0 
32.56 71 
32.57 0 
32.58 69 
32.59 82 
32.60 0 
32.61 49 
32.62 61 
32.63 0 
32.64 58 
32.65 36 
32.66 0 
32.67 52 
32.68 51 
32.69 0 
32.70 58 
32.71 44 
32.72 0 
32.73 44 
32.74 49 
32.75 0 
32.76 42 
32.77 0 
32.78 38 
32.79 33 
32.80 35 
32.81 0 
32.82 26 
32.83 0 
32.84 24 
32.85 31 
32.86 0 
32.87 32 
32.88 29 
32.89 20 
32.90 0 
32.91 27 
32.92 0 
32.93 24 
32.94 19 
32.95 0 
32.96 16 
32.97 27 
32.98 0 
32.99 20 
33.00 15 
33.01 0 
33.02 15 
33.03 14 
33.04 0 
33.05 14 
33.06 16 
33.07 0 
33.08 12 
33.09 7 
33.10 0 
33.11 16 
33.12 4 
33.13 0 
33.14 12 
33.15 14 
33.16 0 
33.17 15 
33.18 11 
33.19 0 
33.20 9 
33.21 0 
33.22 9 
33.23 11 
33.24 0 
33.25 8 
33.26 5 
33.27 5 
33.28 0 
33.29 6 
33.30 4 
33.31 0 
33.32 10 
33.33 9 
33.34 0 
33.35 9 
33.36 4 
33.37 0 
33.38 1 
33.39 7 
33.40 0 
33.41 2 
33.42 3 
33.43 0 
33.44 2 
33.45 4 
33.46 0 
33.47 1 
33.48 4 
33.49 0 
33.50 2 
33.51 3 
33.52 0 
33.53 1 
33.54 2 
33.55 0 
33.56 0 
33.57 1 
33.58 0 
33.59 1 
33.60 0 
33.61 0 
33.62 4 
33.63 2 
33.64 0 
33.65 4 
33.66 1 
33.67 0 
33.68 4 
33.69 2 
33.70 0 
33.71 0 
33.72 0 
33.73 0 
33.74 0 
33.75 0 
33.76 0 
33.77 0 
33.78 1 
33.79 0 
33.80 0 
33.81 1 
33.82 0 
33.83 0 
33.84 1 
33.85 0 
33.86 0 
33.87 1 
33.88 0 
33.89 0 
33.90 0 
33.91 0 
33.92 0 
33.93 1 
33.94 0 
33.95 0 
33.96 0 
33.97 0 
33.98 0 
33.99 0 
34.00 0 
34.01 0 
34.02 0 
34.03 0 
34.04 0 
34.05 0 
34.06 0 
34.07 0 
34.08 0 
34.09 0 
34.10 0 
34.11 0 
34.12 0 
34.13 0 
34.14 0 
34.15 1 
34.16 0 
34.17 0 
34.18 0 
34.19 0 
34.20 0 
34.21 0 
34.22 0 
34.23 0 
34.24 0 
34.25 0 
34.26 0 
34.27 0 
34.28 0 
34.29 0 
34.30 0 
34.31 0 
34.32 0 
34.33 0 
34.34 0 
34.35 0 
34.36 0 
34.37 0 
34.38 0 
34.39 0 
34.40 0 
34.41 0 
34.42 0 
34.43 0 
34.44 0 
34.45 0 
34.46 0 
34.47 0 
34.48 0 
34.49 0 
34.50 0 
34.51 0 
34.52 0 
34.53 0 
34.54 0 
34.55 0 
34.56 0 
34.57 0 
34.58 0 
34.59 0 
34.60 0 
34.61 0 
34.62 0 
34.63 0 
34.64 0 
