00.00 0
00.01 0
00.02 0
00.03 0
00.04 0
00.05 0
00.06 0
00.07 0
00.08 0
00.09 0
00.10 0
00.11 0
00.12 0
00.13 0
00.14 0
00.15 0
00.16 0
00.17 0
00.18 0
00.19 0
00.20 0
00.21 0
00.22 0
00.23 0
00.24 0
00.25 0
00.26 0
00.27 0
00.28 0
00.29 0
00.30 0
00.31 0
00.32 0
00.33 0
00.34 0
00.35 0
00.36 0
00.37 0
00.38 0
00.39 0
00.40 0
00.41 0
00.42 0
00.43 0
00.44 0
00.45 0
00.46 0
00.47 0
00.48 0
00.49 0
00.50 0
00.51 0
00.52 0
00.53 0
00.54 0
00.55 0
00.56 0
00.57 0
00.58 0
00.59 0
00.60 0
00.61 0
00.62 0
00.63 0
00.64 0
00.65 0
00.66 0
00.67 0
00.68 0
00.69 0
00.70 0
00.71 0
00.72 0
00.73 0
00.74 0
00.75 0
00.76 0
00.77 0
00.78 0
00.79 0
00.80 0
00.81 0
00.82 0
00.83 0
00.84 0
00.85 0
00.86 0
00.87 0
00.88 0
00.89 0
00.90 0
00.91 0
00.92 0
00.93 0
00.94 0
00.95 0
00.96 0
00.97 0
00.98 0
00.99 0
01.00 0
01.01 0
01.02 0
01.03 0
01.04 0
01.05 0
01.06 0
01.07 0
01.08 0
01.09 0
01.10 0
01.11 0
01.12 0
01.13 0
01.14 0
01.15 0
01.16 0
01.17 0
01.18 0
01.19 1
01.20 0
01.21 0
01.22 0
01.23 0
01.24 0
01.25 1
01.26 0
01.27 0
01.28 0
01.29 0
01.30 0
01.31 0
01.32 0
01.33 0
01.34 0
01.35 0
01.36 0
01.37 0
01.38 0
01.39 0
01.40 0
01.41 0
01.42 0
01.43 0
01.44 0
01.45 0
01.46 0
01.47 0
01.48 0
01.49 0
01.50 1
01.51 0
01.52 0
01.53 0
01.54 0
01.55 0
01.56 0
01.57 0
01.58 0
01.59 0
01.60 1
01.61 0
01.62 1
01.63 0
01.64 1
01.65 0
01.66 1
01.67 0
01.68 0
01.69 0
01.70 0
01.71 0
01.72 0
01.73 0
01.74 0
01.75 0
01.76 0
01.77 0
01.78 0
01.79 0
01.80 0
01.81 0
01.82 0
01.83 1
01.84 0
01.85 0
01.86 0
01.87 0
01.88 0
01.89 0
01.90 0
01.91 0
01.92 0
01.93 0
01.94 0
01.95 0
01.96 0
01.97 0
01.98 0
01.99 1
02.00 0
02.01 0
02.02 0
02.03 1
02.04 0
02.05 0
02.06 0
02.07 0
02.08 0
02.09 0
02.10 0
02.11 0
02.12 0
02.13 0
02.14 0
02.15 0
02.16 0
02.17 0
02.18 0
02.19 0
02.20 0
02.21 0
02.22 0
02.23 0
02.24 0
02.25 0
02.26 0
02.27 0
02.28 0
02.29 0
02.30 0
02.31 0
02.32 0
02.33 0
02.34 0
02.35 0
02.36 0
02.37 0
02.38 0
02.39 0
02.40 0
02.41 0
02.42 1
02.43 0
02.44 0
02.45 0
02.46 0
02.47 1
02.48 1
02.49 0
02.50 0
02.51 0
02.52 0
02.53 0
02.54 0
02.55 0
02.56 0
02.57 0
02.58 0
02.59 0
02.60 0
02.61 0
02.62 0
02.63 0
02.64 0
02.65 2
02.66 0
02.67 0
02.68 1
02.69 0
02.70 0
02.71 0
02.72 0
02.73 0
02.74 0
02.75 0
02.76 0
02.77 0
02.78 0
02.79 1
02.80 0
02.81 2
02.82 0
02.83 0
02.84 0
02.85 1
02.86 0
02.87 1
02.88 0
02.89 0
02.90 0
02.91 0
02.92 0
02.93 0
02.94 0
02.95 1
02.96 0
02.97 0
02.98 1
02.99 0
03.00 1
03.01 0
03.02 0
03.03 0
03.04 0
03.05 0
03.06 0
03.07 0
03.08 0
03.09 0
03.10 0
03.11 0
03.12 0
03.13 2
03.14 0
03.15 0
03.16 0
03.17 0
03.18 0
03.19 0
03.20 0
03.21 0
03.22 0
03.23 0
03.24 0
03.25 0
03.26 0
03.27 0
03.28 0
03.29 0
03.30 0
03.31 0
03.32 0
03.33 1
03.34 0
03.35 0
03.36 0
03.37 1
03.38 0
03.39 0
03.40 1
03.41 0
03.42 0
03.43 1
03.44 1
03.45 0
03.46 0
03.47 0
03.48 0
03.49 1
03.50 0
03.51 0
03.52 0
03.53 0
03.54 0
03.55 0
03.56 0
03.57 0
03.58 0
03.59 0
03.60 0
03.61 0
03.62 0
03.63 0
03.64 0
03.65 0
03.66 0
03.67 0
03.68 0
03.69 0
03.70 0
03.71 0
03.72 0
03.73 1
03.74 0
03.75 0
03.76 0
03.77 0
03.78 1
03.79 0
03.80 0
03.81 0
03.82 0
03.83 0
03.84 0
03.85 0
03.86 0
03.87 0
03.88 0
03.89 0
03.90 1
03.91 1
03.92 0
03.93 1
03.94 0
03.95 0
03.96 1
03.97 0
03.98 0
03.99 0
04.00 0
04.01 0
04.02 2
04.03 0
04.04 0
04.05 0
04.06 2
04.07 0
04.08 0
04.09 0
04.10 1
04.11 1
04.12 0
04.13 2
04.14 1
04.15 0
04.16 0
04.17 0
04.18 0
04.19 0
04.20 0
04.21 0
04.22 0
04.23 1
04.24 1
04.25 1
04.26 2
04.27 0
04.28 0
04.29 0
04.30 0
04.31 0
04.32 0
04.33 0
04.34 0
04.35 0
04.36 0
04.37 0
04.38 0
04.39 1
04.40 0
04.41 0
04.42 0
04.43 0
04.44 0
04.45 2
04.46 0
04.47 0
04.48 0
04.49 0
04.50 1
04.51 0
04.52 1
04.53 0
04.54 0
04.55 0
04.56 0
04.57 0
04.58 0
04.59 0
04.60 0
04.61 1
04.62 0
04.63 0
04.64 0
04.65 0
04.66 0
04.67 0
04.68 0
04.69 0
04.70 1
04.71 0
04.72 1
04.73 0
04.74 1
04.75 0
04.76 1
04.77 0
04.78 0
04.79 0
04.80 1
04.81 0
04.82 0
04.83 0
04.84 0
04.85 0
04.86 0
04.87 0
04.88 0
04.89 0
04.90 0
04.91 0
04.92 0
04.93 0
04.94 1
04.95 0
04.96 0
04.97 3
04.98 0
04.99 0
05.00 1
05.01 0
05.02 0
05.03 0
05.04 0
05.05 0
05.06 1
05.07 0
05.08 2
05.09 1
05.10 0
05.11 0
05.12 1
05.13 1
05.14 0
05.15 0
05.16 1
05.17 1
05.18 1
05.19 0
05.20 0
05.21 5
05.22 0
05.23 0
05.24 0
05.25 1
05.26 0
05.27 0
05.28 0
05.29 0
05.30 0
05.31 1
05.32 1
05.33 0
05.34 0
05.35 0
05.36 1
05.37 0
05.38 2
05.39 0
05.40 0
05.41 0
05.42 0
05.43 0
05.44 0
05.45 0
05.46 0
05.47 1
05.48 0
05.49 0
05.50 0
05.51 0
05.52 0
05.53 0
05.54 0
05.55 2
05.56 2
05.57 0
05.58 0
05.59 1
05.60 1
05.61 2
05.62 0
05.63 1
05.64 0
05.65 0
05.66 0
05.67 0
05.68 0
05.69 0
05.70 0
05.71 0
05.72 0
05.73 0
05.74 3
05.75 0
05.76 0
05.77 0
05.78 0
05.79 0
05.80 0
05.81 1
05.82 0
05.83 0
05.84 1
05.85 0
05.86 2
05.87 0
05.88 1
05.89 1
05.90 0
05.91 0
05.92 0
05.93 0
05.94 1
05.95 0
05.96 0
05.97 0
05.98 1
05.99 0
06.00 0
06.01 1
06.02 0
06.03 0
06.04 1
06.05 0
06.06 0
06.07 0
06.08 0
06.09 0
06.10 0
06.11 1
06.12 0
06.13 0
06.14 0
06.15 0
06.16 1
06.17 0
06.18 0
06.19 1
06.20 0
06.21 0
06.22 0
06.23 0
06.24 0
06.25 0
06.26 0
06.27 1
06.28 0
06.29 0
06.30 1
06.31 1
06.32 0
06.33 0
06.34 0
06.35 3
06.36 0
06.37 1
06.38 0
06.39 1
06.40 0
06.41 0
06.42 1
06.43 1
06.44 0
06.45 2
06.46 0
06.47 1
06.48 0
06.49 1
06.50 0
06.51 2
06.52 0
06.53 0
06.54 0
06.55 2
06.56 1
06.57 0
06.58 0
06.59 0
06.60 2
06.61 0
06.62 0
06.63 0
06.64 0
06.65 1
06.66 0
06.67 0
06.68 0
06.69 1
06.70 2
06.71 1
06.72 0
06.73 0
06.74 1
06.75 0
06.76 0
06.77 0
06.78 0
06.79 1
06.80 4
06.81 0
06.82 0
06.83 0
06.84 0
06.85 0
06.86 2
06.87 2
06.88 2
06.89 1
06.90 0
06.91 0
06.92 0
06.93 1
06.94 1
06.95 0
06.96 0
06.97 0
06.98 1
06.99 0
07.00 1
07.01 1
07.02 0
07.03 0
07.04 0
07.05 2
07.06 2
07.07 0
07.08 0
07.09 0
07.10 0
07.11 1
07.12 0
07.13 0
07.14 0
07.15 0
07.16 0
07.17 0
07.18 0
07.19 0
07.20 0
07.21 1
07.22 1
07.23 0
07.24 0
07.25 0
07.26 1
07.27 0
07.28 1
07.29 0
07.30 0
07.31 0
07.32 0
07.33 0
07.34 1
07.35 0
07.36 1
07.37 1
07.38 1
07.39 0
07.40 1
07.41 1
07.42 1
07.43 0
07.44 2
07.45 0
07.46 1
07.47 0
07.48 0
07.49 0
07.50 0
07.51 0
07.52 0
07.53 0
07.54 0
07.55 2
07.56 0
07.57 1
07.58 0
07.59 0
07.60 2
07.61 0
07.62 1
07.63 0
07.64 0
07.65 0
07.66 0
07.67 0
07.68 0
07.69 0
07.70 0
07.71 0
07.72 0
07.73 0
07.74 1
07.75 1
07.76 0
07.77 1
07.78 1
07.79 0
07.80 1
07.81 2
07.82 1
07.83 0
07.84 0
07.85 1
07.86 0
07.87 0
07.88 1
07.89 1
07.90 0
07.91 2
07.92 1
07.93 0
07.94 0
07.95 2
07.96 0
07.97 1
07.98 0
07.99 0
08.00 0
08.01 1
08.02 1
08.03 0
08.04 0
08.05 1
08.06 1
08.07 0
08.08 0
08.09 0
08.10 1
08.11 0
08.12 0
08.13 0
08.14 1
08.15 0
08.16 0
08.17 2
08.18 0
08.19 1
08.20 2
08.21 0
08.22 0
08.23 1
08.24 0
08.25 1
08.26 0
08.27 2
08.28 1
08.29 0
08.30 1
08.31 0
08.32 0
08.33 0
08.34 0
08.35 0
08.36 0
08.37 0
08.38 1
08.39 1
08.40 2
08.41 0
08.42 0
08.43 3
08.44 3
08.45 2
08.46 0
08.47 0
08.48 0
08.49 0
08.50 0
08.51 1
08.52 1
08.53 0
08.54 0
08.55 0
08.56 1
08.57 1
08.58 0
08.59 0
08.60 0
08.61 0
08.62 1
08.63 0
08.64 2
08.65 0
08.66 1
08.67 0
08.68 1
08.69 1
08.70 0
08.71 0
08.72 1
08.73 0
08.74 1
08.75 1
08.76 0
08.77 0
08.78 2
08.79 0
08.80 3
08.81 0
08.82 2
08.83 0
08.84 0
08.85 1
08.86 0
08.87 1
08.88 1
08.89 0
08.90 0
08.91 2
08.92 2
08.93 1
08.94 0
08.95 0
08.96 0
08.97 0
08.98 0
08.99 1
09.00 0
09.01 1
09.02 0
09.03 0
09.04 1
09.05 0
09.06 0
09.07 1
09.08 0
09.09 0
09.10 1
09.11 0
09.12 0
09.13 0
09.14 0
09.15 0
09.16 1
09.17 1
09.18 2
09.19 1
09.20 0
09.21 2
09.22 1
09.23 0
09.24 1
09.25 0
09.26 0
09.27 0
09.28 0
09.29 2
09.30 0
09.31 0
09.32 0
09.33 0
09.34 0
09.35 0
09.36 1
09.37 0
09.38 1
09.39 0
09.40 2
09.41 1
09.42 0
09.43 0
09.44 1
09.45 0
09.46 0
09.47 2
09.48 1
09.49 1
09.50 3
09.51 0
09.52 0
09.53 0
09.54 1
09.55 0
09.56 1
09.57 3
09.58 1
09.59 3
09.60 0
09.61 0
09.62 1
09.63 2
09.64 1
09.65 2
09.66 1
09.67 0
09.68 0
09.69 0
09.70 2
09.71 1
09.72 1
09.73 0
09.74 1
09.75 0
09.76 1
09.77 0
09.78 1
09.79 0
09.80 0
09.81 1
09.82 0
09.83 1
09.84 1
09.85 1
09.86 1
09.87 1
09.88 2
09.89 0
09.90 0
09.91 0
09.92 0
09.93 1
09.94 0
09.95 0
09.96 2
09.97 0
09.98 0
09.99 2
10.00 0
10.01 0
10.02 1
10.03 1
10.04 1
10.05 0
10.06 1
10.07 0
10.08 1
10.09 2
10.10 0
10.11 1
10.12 0
10.13 1
10.14 1
10.15 1
10.16 0
10.17 1
10.18 2
10.19 1
10.20 0
10.21 0
10.22 2
10.23 0
10.24 0
10.25 2
10.26 2
10.27 0
10.28 2
10.29 1
10.30 0
10.31 0
10.32 1
10.33 0
10.34 0
10.35 0
10.36 1
10.37 1
10.38 0
10.39 1
10.40 0
10.41 0
10.42 1
10.43 2
10.44 1
10.45 0
10.46 0
10.47 2
10.48 0
10.49 0
10.50 0
10.51 1
10.52 0
10.53 0
10.54 1
10.55 1
10.56 1
10.57 0
10.58 0
10.59 1
10.60 1
10.61 1
10.62 0
10.63 2
10.64 0
10.65 1
10.66 0
10.67 1
10.68 0
10.69 0
10.70 0
10.71 0
10.72 0
10.73 1
10.74 1
10.75 1
10.76 1
10.77 0
10.78 1
10.79 2
10.80 2
10.81 0
10.82 0
10.83 0
10.84 0
10.85 1
10.86 2
10.87 0
10.88 3
10.89 2
10.90 0
10.91 1
10.92 0
10.93 1
10.94 1
10.95 3
10.96 1
10.97 2
10.98 0
10.99 0
11.00 0
11.01 0
11.02 1
11.03 1
11.04 0
11.05 2
11.06 0
11.07 0
11.08 2
11.09 3
11.10 1
11.11 1
11.12 0
11.13 3
11.14 2
11.15 1
11.16 1
11.17 0
11.18 1
11.19 2
11.20 2
11.21 0
11.22 2
11.23 0
11.24 0
11.25 0
11.26 0
11.27 3
11.28 0
11.29 1
11.30 2
11.31 0
11.32 0
11.33 0
11.34 3
11.35 0
11.36 0
11.37 0
11.38 0
11.39 1
11.40 0
11.41 2
11.42 0
11.43 0
11.44 0
11.45 1
11.46 1
11.47 0
11.48 1
11.49 1
11.50 0
11.51 0
11.52 1
11.53 2
11.54 0
11.55 2
11.56 0
11.57 1
11.58 0
11.59 0
11.60 0
11.61 0
11.62 0
11.63 0
11.64 2
11.65 0
11.66 1
11.67 0
11.68 0
11.69 1
11.70 0
11.71 0
11.72 1
11.73 1
11.74 0
11.75 4
11.76 3
11.77 1
11.78 0
11.79 1
11.80 2
11.81 0
11.82 0
11.83 1
11.84 1
11.85 1
11.86 0
11.87 0
11.88 0
11.89 2
11.90 2
11.91 0
11.92 0
11.93 1
11.94 1
11.95 2
11.96 1
11.97 0
11.98 1
11.99 1
12.00 1
12.01 0
12.02 3
12.03 1
12.04 2
12.05 2
12.06 0
12.07 1
12.08 1
12.09 0
12.10 0
12.11 0
12.12 1
12.13 1
12.14 0
12.15 0
12.16 0
12.17 1
12.18 0
12.19 2
12.20 0
12.21 2
12.22 2
12.23 0
12.24 0
12.25 0
12.26 0
12.27 2
12.28 1
12.29 0
12.30 1
12.31 1
12.32 0
12.33 0
12.34 0
12.35 3
12.36 1
12.37 1
12.38 0
12.39 1
12.40 0
12.41 2
12.42 1
12.43 0
12.44 0
12.45 1
12.46 1
12.47 0
12.48 1
12.49 1
12.50 1
12.51 2
12.52 1
12.53 0
12.54 0
12.55 0
12.56 1
12.57 0
12.58 1
12.59 0
12.60 0
12.61 0
12.62 1
12.63 0
12.64 1
12.65 0
12.66 1
12.67 0
12.68 0
12.69 2
12.70 0
12.71 1
12.72 1
12.73 1
12.74 1
12.75 0
12.76 1
12.77 1
12.78 2
12.79 1
12.80 1
12.81 0
12.82 0
12.83 1
12.84 0
12.85 0
12.86 0
12.87 1
12.88 1
12.89 0
12.90 0
12.91 0
12.92 3
12.93 0
12.94 2
12.95 1
12.96 1
12.97 2
12.98 1
12.99 1
13.00 2
13.01 3
13.02 0
13.03 0
13.04 3
13.05 0
13.06 2
13.07 1
13.08 0
13.09 1
13.10 0
13.11 0
13.12 0
13.13 1
13.14 1
13.15 3
13.16 2
13.17 1
13.18 3
13.19 1
13.20 3
13.21 2
13.22 1
13.23 2
13.24 0
13.25 3
13.26 2
13.27 1
13.28 0
13.29 0
13.30 3
13.31 1
13.32 0
13.33 1
13.34 3
13.35 1
13.36 0
13.37 0
13.38 0
13.39 2
13.40 2
13.41 0
13.42 0
13.43 2
13.44 1
13.45 2
13.46 1
13.47 1
13.48 0
13.49 2
13.50 1
13.51 2
13.52 1
13.53 0
13.54 1
13.55 0
13.56 1
13.57 1
13.58 0
13.59 0
13.60 2
13.61 0
13.62 0
13.63 0
13.64 2
13.65 1
13.66 1
13.67 0
13.68 0
13.69 2
13.70 1
13.71 0
13.72 1
13.73 2
13.74 0
13.75 2
13.76 2
13.77 2
13.78 0
13.79 2
13.80 1
13.81 3
13.82 0
13.83 1
13.84 1
13.85 2
13.86 1
13.87 1
13.88 3
13.89 0
13.90 2
13.91 0
13.92 1
13.93 1
13.94 0
13.95 3
13.96 1
13.97 0
13.98 0
13.99 2
14.00 0
14.01 2
14.02 2
14.03 1
14.04 0
14.05 0
14.06 1
14.07 1
14.08 1
14.09 2
14.10 2
14.11 0
14.12 2
14.13 0
14.14 1
14.15 1
14.16 0
14.17 2
14.18 1
14.19 0
14.20 1
14.21 0
14.22 0
14.23 0
14.24 3
14.25 0
14.26 2
14.27 3
14.28 1
14.29 1
14.30 0
14.31 3
14.32 0
14.33 1
14.34 1
14.35 1
14.36 2
14.37 2
14.38 2
14.39 1
14.40 0
14.41 0
14.42 0
14.43 1
14.44 0
14.45 1
14.46 0
14.47 0
14.48 1
14.49 1
14.50 0
14.51 2
14.52 1
14.53 0
14.54 1
14.55 2
14.56 1
14.57 1
14.58 2
14.59 0
14.60 1
14.61 1
14.62 1
14.63 1
14.64 0
14.65 2
14.66 0
14.67 1
14.68 2
14.69 1
14.70 0
14.71 1
14.72 1
14.73 0
14.74 1
14.75 1
14.76 0
14.77 3
14.78 0
14.79 0
14.80 1
14.81 0
14.82 0
14.83 1
14.84 3
14.85 2
14.86 1
14.87 2
14.88 0
14.89 1
14.90 2
14.91 2
14.92 0
14.93 2
14.94 1
14.95 4
14.96 3
14.97 0
14.98 0
14.99 0
15.00 1
15.01 0
15.02 0
15.03 1
15.04 4
15.05 1
15.06 1
15.07 1
15.08 0
15.09 0
15.10 1
15.11 1
15.12 1
15.13 2
15.14 3
15.15 2
15.16 1
15.17 1
15.18 1
15.19 1
15.20 1
15.21 4
15.22 1
15.23 1
15.24 0
15.25 0
15.26 1
15.27 2
15.28 0
15.29 1
15.30 1
15.31 1
15.32 0
15.33 1
15.34 0
15.35 1
15.36 1
15.37 0
15.38 1
15.39 2
15.40 1
15.41 0
15.42 0
15.43 0
15.44 0
15.45 1
15.46 1
15.47 0
15.48 1
15.49 1
15.50 0
15.51 1
15.52 1
15.53 1
15.54 3
15.55 2
15.56 4
15.57 2
15.58 3
15.59 0
15.60 0
15.61 2
15.62 2
15.63 0
15.64 0
15.65 0
15.66 1
15.67 2
15.68 3
15.69 1
15.70 1
15.71 0
15.72 1
15.73 4
15.74 0
15.75 1
15.76 0
15.77 0
15.78 1
15.79 0
15.80 1
15.81 1
15.82 1
15.83 0
15.84 1
15.85 0
15.86 1
15.87 0
15.88 1
15.89 1
15.90 0
15.91 2
15.92 2
15.93 1
15.94 1
15.95 2
15.96 1
15.97 1
15.98 2
15.99 0
16.00 0
16.01 2
16.02 1
16.03 1
16.04 2
16.05 0
16.06 1
16.07 1
16.08 3
16.09 0
16.10 1
16.11 0
16.12 0
16.13 0
16.14 0
16.15 0
16.16 1
16.17 3
16.18 0
16.19 2
16.20 2
16.21 0
16.22 0
16.23 1
16.24 1
16.25 0
16.26 1
16.27 1
16.28 0
16.29 0
16.30 1
16.31 0
16.32 0
16.33 1
16.34 1
16.35 2
16.36 3
16.37 0
16.38 2
16.39 1
16.40 1
16.41 3
16.42 2
16.43 1
16.44 2
16.45 5
16.46 2
16.47 1
16.48 0
16.49 1
16.50 0
16.51 0
16.52 1
16.53 1
16.54 0
16.55 2
16.56 1
16.57 1
16.58 0
16.59 2
16.60 1
16.61 0
16.62 1
16.63 1
16.64 2
16.65 0
16.66 1
16.67 0
16.68 2
16.69 1
16.70 2
16.71 0
16.72 1
16.73 1
16.74 0
16.75 1
16.76 1
16.77 1
16.78 1
16.79 1
16.80 1
16.81 3
16.82 0
16.83 3
16.84 1
16.85 0
16.86 0
16.87 0
16.88 2
16.89 0
16.90 0
16.91 1
16.92 2
16.93 0
16.94 1
16.95 1
16.96 2
16.97 1
16.98 1
16.99 1
17.00 1
17.01 1
17.02 2
17.03 3
17.04 0
17.05 1
17.06 1
17.07 1
17.08 1
17.09 0
17.10 2
17.11 0
17.12 2
17.13 0
17.14 2
17.15 0
17.16 2
17.17 1
17.18 1
17.19 3
17.20 0
17.21 0
17.22 4
17.23 2
17.24 0
17.25 1
17.26 0
17.27 3
17.28 0
17.29 1
17.30 0
17.31 0
17.32 4
17.33 0
17.34 1
17.35 0
17.36 0
17.37 0
17.38 0
17.39 2
17.40 0
17.41 1
17.42 0
17.43 1
17.44 1
17.45 0
17.46 0
17.47 1
17.48 0
17.49 0
17.50 0
17.51 0
17.52 1
17.53 2
17.54 1
17.55 1
17.56 1
17.57 0
17.58 1
17.59 0
17.60 1
17.61 0
17.62 0
17.63 2
17.64 0
17.65 2
17.66 0
17.67 0
17.68 1
17.69 2
17.70 0
17.71 1
17.72 1
17.73 1
17.74 0
17.75 0
17.76 2
17.77 1
17.78 2
17.79 2
17.80 0
17.81 0
17.82 0
17.83 0
17.84 2
17.85 0
17.86 0
17.87 2
17.88 4
17.89 0
17.90 0
17.91 1
17.92 3
17.93 0
17.94 1
17.95 2
17.96 0
17.97 1
17.98 0
17.99 1
18.00 1
18.01 1
18.02 0
18.03 0
18.04 0
18.05 0
18.06 1
18.07 0
18.08 0
18.09 1
18.10 0
18.11 0
18.12 0
18.13 0
18.14 0
18.15 0
18.16 2
18.17 0
18.18 2
18.19 1
18.20 2
18.21 1
18.22 0
18.23 0
18.24 0
18.25 1
18.26 1
18.27 1
18.28 0
18.29 1
18.30 1
18.31 0
18.32 0
18.33 1
18.34 2
18.35 0
18.36 0
18.37 1
18.38 1
18.39 0
18.40 0
18.41 2
18.42 0
18.43 0
18.44 0
18.45 1
18.46 0
18.47 0
18.48 1
18.49 2
18.50 0
18.51 1
18.52 0
18.53 2
18.54 0
18.55 0
18.56 0
18.57 2
18.58 2
18.59 1
18.60 1
18.61 0
18.62 0
18.63 0
18.64 0
18.65 1
18.66 0
18.67 1
18.68 0
18.69 0
18.70 2
18.71 1
18.72 0
18.73 0
18.74 0
18.75 0
18.76 0
18.77 2
18.78 2
18.79 0
18.80 0
18.81 0
18.82 1
18.83 1
18.84 1
18.85 0
18.86 1
18.87 1
18.88 0
18.89 0
18.90 0
18.91 1
18.92 0
18.93 0
18.94 1
18.95 0
18.96 0
18.97 0
18.98 0
18.99 1
19.00 1
19.01 0
19.02 0
19.03 0
19.04 3
19.05 0
19.06 0
19.07 0
19.08 0
19.09 1
19.10 0
19.11 0
19.12 0
19.13 0
19.14 0
19.15 1
19.16 0
19.17 0
19.18 1
19.19 1
19.20 0
19.21 0
19.22 0
19.23 0
19.24 0
19.25 1
19.26 0
19.27 1
19.28 2
19.29 0
19.30 1
19.31 2
19.32 1
19.33 0
19.34 0
19.35 1
19.36 0
19.37 2
19.38 1
19.39 0
19.40 0
19.41 1
19.42 1
19.43 0
19.44 0
19.45 1
19.46 0
19.47 1
19.48 0
19.49 1
19.50 1
19.51 0
19.52 0
19.53 2
19.54 0
19.55 2
19.56 0
19.57 0
19.58 1
19.59 1
19.60 0
19.61 0
19.62 1
19.63 1
19.64 1
19.65 0
19.66 0
19.67 0
19.68 1
19.69 1
19.70 0
19.71 0
19.72 1
19.73 0
19.74 0
19.75 0
19.76 0
19.77 0
19.78 0
19.79 1
19.80 0
19.81 0
19.82 0
19.83 0
19.84 1
19.85 1
19.86 1
19.87 1
19.88 0
19.89 1
19.90 1
19.91 0
19.92 0
19.93 0
19.94 0
19.95 0
19.96 1
19.97 1
19.98 0
19.99 1
20.00 0
20.01 0
20.02 1
20.03 0
20.04 0
20.05 0
20.06 1
20.07 0
20.08 0
20.09 1
20.10 0
20.11 0
20.12 0
20.13 0
20.14 1
20.15 0
20.16 0
20.17 0
20.18 0
20.19 0
20.20 0
20.21 0
20.22 0
20.23 0
20.24 0
20.25 0
20.26 0
20.27 0
20.28 1
20.29 0
20.30 0
20.31 1
20.32 0
20.33 1
20.34 1
20.35 0
20.36 0
20.37 0
20.38 0
20.39 1
20.40 0
20.41 0
20.42 0
20.43 0
20.44 0
20.45 0
20.46 2
20.47 0
20.48 0
20.49 0
20.50 1
20.51 0
20.52 0
20.53 1
20.54 0
20.55 0
20.56 0
20.57 0
20.58 1
20.59 1
20.60 0
20.61 0
20.62 0
20.63 0
20.64 0
20.65 0
20.66 2
20.67 0
20.68 0
20.69 0
20.70 0
20.71 1
20.72 0
20.73 1
20.74 0
20.75 0
20.76 1
20.77 0
20.78 0
20.79 1
20.80 0
20.81 1
20.82 0
20.83 0
20.84 1
20.85 4
20.86 0
20.87 0
20.88 1
20.89 0
20.90 0
20.91 0
20.92 1
20.93 0
20.94 2
20.95 1
20.96 0
20.97 0
20.98 2
20.99 0
21.00 0
21.01 0
21.02 0
21.03 0
21.04 0
21.05 0
21.06 0
21.07 0
21.08 0
21.09 0
21.10 0
21.11 0
21.12 0
21.13 0
21.14 0
21.15 0
21.16 0
21.17 1
21.18 0
21.19 0
21.20 0
21.21 0
21.22 0
21.23 3
21.24 1
21.25 0
21.26 0
21.27 0
21.28 0
21.29 0
21.30 1
21.31 0
21.32 0
21.33 0
21.34 0
21.35 0
21.36 0
21.37 0
21.38 2
21.39 1
21.40 0
21.41 0
21.42 0
21.43 0
21.44 0
21.45 0
21.46 0
21.47 0
21.48 0
21.49 0
21.50 0
21.51 0
21.52 0
21.53 0
21.54 0
21.55 0
21.56 0
21.57 0
21.58 0
21.59 1
21.60 0
21.61 0
21.62 0
21.63 0
21.64 0
21.65 0
21.66 0
21.67 0
21.68 0
21.69 0
21.70 0
21.71 0
21.72 0
21.73 0
21.74 0
21.75 0
21.76 1
21.77 0
21.78 0
21.79 1
21.80 1
21.81 0
21.82 0
21.83 0
21.84 0
21.85 0
21.86 0
21.87 0
21.88 0
21.89 0
21.90 0
21.91 1
21.92 0
21.93 0
21.94 0
21.95 1
21.96 0
21.97 0
21.98 0
21.99 0
22.00 0
22.01 0
22.02 0
22.03 0
22.04 0
22.05 0
22.06 0
22.07 0
22.08 0
22.09 0
22.10 1
22.11 0
22.12 0
22.13 0
22.14 1
22.15 0
22.16 0
22.17 0
22.18 0
22.19 0
22.20 0
22.21 0
22.22 0
22.23 0
22.24 0
22.25 0
22.26 0
22.27 0
22.28 0
22.29 0
22.30 0
22.31 0
22.32 0
22.33 0
22.34 0
22.35 0
22.36 0
22.37 0
22.38 0
22.39 0
22.40 0
22.41 0
22.42 0
22.43 0
22.44 0
22.45 1
22.46 0
22.47 0
22.48 0
22.49 0
22.50 0
22.51 0
22.52 0
22.53 0
22.54 1
22.55 0
22.56 0
22.57 1
22.58 0
22.59 0
22.60 1
22.61 0
22.62 0
22.63 0
22.64 0
22.65 0
22.66 1
22.67 0
22.68 0
22.69 1
22.70 0
22.71 0
22.72 0
22.73 0
22.74 0
22.75 0
22.76 0
22.77 0
22.78 1
22.79 0
22.80 1
22.81 0
22.82 0
22.83 0
22.84 0
22.85 0
22.86 0
22.87 0
22.88 0
22.89 0
22.90 0
22.91 0
22.92 0
22.93 0
22.94 0
22.95 0
22.96 0
22.97 0
22.98 0
22.99 0
23.00 0
23.01 0
23.02 0
23.03 1
23.04 0
23.05 0
23.06 0
23.07 0
23.08 0
23.09 0
23.10 0
23.11 0
23.12 0
23.13 1
23.14 0
23.15 0
23.16 0
23.17 0
23.18 0
23.19 1
23.20 1
23.21 0
23.22 0
23.23 1
23.24 0
23.25 0
23.26 0
23.27 1
23.28 0
23.29 0
23.30 0
23.31 0
23.32 0
23.33 1
23.34 0
23.35 0
23.36 0
23.37 1
23.38 1
23.39 0
23.40 0
23.41 0
23.42 0
23.43 0
23.44 0
23.45 1
23.46 0
23.47 0
23.48 0
23.49 0
23.50 0
23.51 0
23.52 0
23.53 0
23.54 0
23.55 0
23.56 0
23.57 1
23.58 0
23.59 0
23.60 2
23.61 0
23.62 0
23.63 0
23.64 0
23.65 0
23.66 0
23.67 0
23.68 0
23.69 0
23.70 0
23.71 0
23.72 0
23.73 0
23.74 0
23.75 0
23.76 0
23.77 0
23.78 0
23.79 0
23.80 0
23.81 0
23.82 0
23.83 0
23.84 0
23.85 0
23.86 0
23.87 0
23.88 0
23.89 0
23.90 0
23.91 0
23.92 0
23.93 0
23.94 0
23.95 0
23.96 0
23.97 0
23.98 1
23.99 0
24.00 0
24.01 0
24.02 0
24.03 0
24.04 0
24.05 0
24.06 0
24.07 0
24.08 0
24.09 1
24.10 0
24.11 0
24.12 0
24.13 0
24.14 0
24.15 0
24.16 0
24.17 0
24.18 0
24.19 0
24.20 0
24.21 0
24.22 0
24.23 0
24.24 0
24.25 0
24.26 0
24.27 0
24.28 0
24.29 0
24.30 0
24.31 0
24.32 0
24.33 0
24.34 0
24.35 0
24.36 0
24.37 0
24.38 0
24.39 0
24.40 0
24.41 0
24.42 0
24.43 0
24.44 0
24.45 0
24.46 0
24.47 0
24.48 0
24.49 0
24.50 0
24.51 0
24.52 0
24.53 0
24.54 0
24.55 0
24.56 0
24.57 0
24.58 0
24.59 0
24.60 0
24.61 0
24.62 0
24.63 0
24.64 0
24.65 0
24.66 0
24.67 0
24.68 0
24.69 1
24.70 0
24.71 1
24.72 0
24.73 1
24.74 0
24.75 0
24.76 0
24.77 0
24.78 0
24.79 0
24.80 0
24.81 0
24.82 0
24.83 0
24.84 0
24.85 0
24.86 0
24.87 0
24.88 0
24.89 0
24.90 0
24.91 0
24.92 1
24.93 0
24.94 0
24.95 1
24.96 0
24.97 0
24.98 0
24.99 0
25.00 0
25.01 0
25.02 0
25.03 0
25.04 0
25.05 0
25.06 0
25.07 0
25.08 0
25.09 0
25.10 0
25.11 0
25.12 1
25.13 0
25.14 0
25.15 0
25.16 0
25.17 0
25.18 0
25.19 0
25.20 0
25.21 0
25.22 0
25.23 0
25.24 0
25.25 0
25.26 0
25.27 0
25.28 0
25.29 0
25.30 0
25.31 0
25.32 0
25.33 0
25.34 0
25.35 0
25.36 0
25.37 0
25.38 0
25.39 0
25.40 0
25.41 0
25.42 0
25.43 0
25.44 0
25.45 0
25.46 0
25.47 0
25.48 0
25.49 0
25.50 0
25.51 0
25.52 0
25.53 0
25.54 0
25.55 0
25.56 0
25.57 0
25.58 0
25.59 0
25.60 0
25.61 0
25.62 0
25.63 0
25.64 0
25.65 0
25.66 0
25.67 0
25.68 0
25.69 0
25.70 0
25.71 0
25.72 0
25.73 0
25.74 0
25.75 0
25.76 0
25.77 0
25.78 0
25.79 0
25.80 0
25.81 0
25.82 0
25.83 0
25.84 0
25.85 0
25.86 0
25.87 0
25.88 0
25.89 0
25.90 0
25.91 0
25.92 0
25.93 0
25.94 0
25.95 0
25.96 0
25.97 0
25.98 0
25.99 0
26.00 0
26.01 0
26.02 0
26.03 0
26.04 0
26.05 0
26.06 0
26.07 0
26.08 0
26.09 0
26.10 0
26.11 0
26.12 0
26.13 0
26.14 0
26.15 0
26.16 0
26.17 0
26.18 0
26.19 0
26.20 0
26.21 0
26.22 0
26.23 0
26.24 0
26.25 0
26.26 0
26.27 0
26.28 0
26.29 0
26.30 0
26.31 0
26.32 0
26.33 0
26.34 0
26.35 0
26.36 0
26.37 0
26.38 0
26.39 0
26.40 0
26.41 0
26.42 0
26.43 0
26.44 0
26.45 0
26.46 0
26.47 0
26.48 0
26.49 0
26.50 0
26.51 0
26.52 0
26.53 0
26.54 0
26.55 0
26.56 0
26.57 0
26.58 0
26.59 0
26.60 0
26.61 0
26.62 0
26.63 0
26.64 1
26.65 0
26.66 0
26.67 0
26.68 0
26.69 0
26.70 0
26.71 0
26.72 0
26.73 0
26.74 0
26.75 0
26.76 0
26.77 0
26.78 0
26.79 0
26.80 0
26.81 0
26.82 0
26.83 0
26.84 0
26.85 0
26.86 0
26.87 0
26.88 0
26.89 0
26.90 0
26.91 0
26.92 0
26.93 0
26.94 0
26.95 0
26.96 0
26.97 0
26.98 0
26.99 0
27.00 0
27.01 0
27.02 0
27.03 0
27.04 0
27.05 0
27.06 0
27.07 0
27.08 0
27.09 0
27.10 0
27.11 0
27.12 0
27.13 0
27.14 0
27.15 0
27.16 0
27.17 0
27.18 0
27.19 0
27.20 0
27.21 0
27.22 0
27.23 0
27.24 0
27.25 0
27.26 0
27.27 0
27.28 0
27.29 0
27.30 0
27.31 0
27.32 0
27.33 0
27.34 0
27.35 0
27.36 0
27.37 0
27.38 0
27.39 0
27.40 0
27.41 0
27.42 0
27.43 0
27.44 0
27.45 0
27.46 0
27.47 0
27.48 0
27.49 0
27.50 0
27.51 0
27.52 0
27.53 0
27.54 0
27.55 0
27.56 0
27.57 0
27.58 0
27.59 0
27.60 0
27.61 0
27.62 0
27.63 0
27.64 0
27.65 0
27.66 0
27.67 0
27.68 0
27.69 0
27.70 0
27.71 0
27.72 0
27.73 0
27.74 0
27.75 0
27.76 0
27.77 0
27.78 0
27.79 0
27.80 0
27.81 0
27.82 0
27.83 0
27.84 0
27.85 0
27.86 0
27.87 0
27.88 0
27.89 0
27.90 0
27.91 0
27.92 0
27.93 0
27.94 0
27.95 0
27.96 0
27.97 0
27.98 0
27.99 0
28.00 0
28.01 0
28.02 0
28.03 0
28.04 0
28.05 0
28.06 0
28.07 0
28.08 0
28.09 0
28.10 0
28.11 0
28.12 0
28.13 0
28.14 0
28.15 0
28.16 0
28.17 0
28.18 0
28.19 0
28.20 0
28.21 0
28.22 0
28.23 0
28.24 0
28.25 0
28.26 0
28.27 0
28.28 0
28.29 0
28.30 0
28.31 0
28.32 0
28.33 0
28.34 0
28.35 0
28.36 0
28.37 0
28.38 0
28.39 0
28.40 0
28.41 0
28.42 0
28.43 0
28.44 0
28.45 0
28.46 0
28.47 0
28.48 0
28.49 0
28.50 0
28.51 0
28.52 0
28.53 0
28.54 0
28.55 0
28.56 0
28.57 0
28.58 0
28.59 0
28.60 0
28.61 0
28.62 0
28.63 0
28.64 0
28.65 0
28.66 0
28.67 0
28.68 0
28.69 0
28.70 0
28.71 0
28.72 0
28.73 0
28.74 0
28.75 0
28.76 0
28.77 0
28.78 0
28.79 0
28.80 0
28.81 0
28.82 0
28.83 0
28.84 0
28.85 0
28.86 0
28.87 0
28.88 0
28.89 0
28.90 0
28.91 0
28.92 0
28.93 0
28.94 0
28.95 0
28.96 0
28.97 0
28.98 0
28.99 0
29.00 0
29.01 0
29.02 0
29.03 0
29.04 0
29.05 0
29.06 0
29.07 0
29.08 0
29.09 0
29.10 0
29.11 0
29.12 0
29.13 0
29.14 0
29.15 0
29.16 0
29.17 0
29.18 0
29.19 0
29.20 0
29.21 0
29.22 0
29.23 0
29.24 0
29.25 0
29.26 0
29.27 0
29.28 0
29.29 0
29.30 0
29.31 0
29.32 0
29.33 0
29.34 0
29.35 0
29.36 0
29.37 0
29.38 0
29.39 0
29.40 0
29.41 0
29.42 0
29.43 0
29.44 0
29.45 0
29.46 0
29.47 0
29.48 0
29.49 0
29.50 0
29.51 0
29.52 0
29.53 0
29.54 0
29.55 0
29.56 0
29.57 0
29.58 0
29.59 0
29.60 0
29.61 0
29.62 0
29.63 0
29.64 0
29.65 0
29.66 0
29.67 0
29.68 0
29.69 0
29.70 0
29.71 0
29.72 0
29.73 0
29.74 0
29.75 0
29.76 0
29.77 0
29.78 0
29.79 0
29.80 0
29.81 0
29.82 0
29.83 0
29.84 0
29.85 0
29.86 0
29.87 0
29.88 0
29.89 0
29.90 0
29.91 0
29.92 0
29.93 0
29.94 0
29.95 0
29.96 0
29.97 0
29.98 0
29.99 0
30.00 0
30.01 0
30.02 0
30.03 0
30.04 0
30.05 0
30.06 0
30.07 0
30.08 0
30.09 0
30.10 0
30.11 0
30.12 0
30.13 0
30.14 0
30.15 0
30.16 0
30.17 0
30.18 0
30.19 0
30.20 0
30.21 0
30.22 0
30.23 0
30.24 0
30.25 0
30.26 0
30.27 0
30.28 0
30.29 0
30.30 0
30.31 0
30.32 0
30.33 0
30.34 0
30.35 0
30.36 0
30.37 0
30.38 0
30.39 0
30.40 0
30.41 0
30.42 0
30.43 0
30.44 0
30.45 0
30.46 0
30.47 0
30.48 0
30.49 0
30.50 0
30.51 0
30.52 0
30.53 0
30.54 0
30.55 0
30.56 0
30.57 0
30.58 0
30.59 0
30.60 0
30.61 0
30.62 0
30.63 0
30.64 0
30.65 0
30.66 0
30.67 0
30.68 0
30.69 0
30.70 0
30.71 0
30.72 0
30.73 0
30.74 0
30.75 0
30.76 0
30.77 0
30.78 0
30.79 0
30.80 0
30.81 0
30.82 0
30.83 0
30.84 0
30.85 0
30.86 0
30.87 0
30.88 0
30.89 0
30.90 0
30.91 0
30.92 0
30.93 0
30.94 0
30.95 0
30.96 0
30.97 0
30.98 0
30.99 0
31.00 0
31.01 0
31.02 0
31.03 0
31.04 0
31.05 0
31.06 0
31.07 0
31.08 0
31.09 0
31.10 0
31.11 0
31.12 0
31.13 0
31.14 0
31.15 0
31.16 0
31.17 0
31.18 0
31.19 0
31.20 0
31.21 0
31.22 0
31.23 0
31.24 0
31.25 0
31.26 0
31.27 0
31.28 0
31.29 0
31.30 0
31.31 0
31.32 0
31.33 0
31.34 0
31.35 0
31.36 0
31.37 0
31.38 0
31.39 0
31.40 0
31.41 0
31.42 0
31.43 0
31.44 0
31.45 0
31.46 0
31.47 0
31.48 0
31.49 0
31.50 0
31.51 0
31.52 0
31.53 0
31.54 0
31.55 0
31.56 0
31.57 0
31.58 0
31.59 0
31.60 0
31.61 0
31.62 0
31.63 0
31.64 0
31.65 0
31.66 0
31.67 0
31.68 0
31.69 0
31.70 0
31.71 0
31.72 0
31.73 0
31.74 0
31.75 0
31.76 0
31.77 0
31.78 0
31.79 0
31.80 0
31.81 0
31.82 0
31.83 0
31.84 0
31.85 0
31.86 0
31.87 0
31.88 0
31.89 0
31.90 0
31.91 0
31.92 0
31.93 0
31.94 0
31.95 0
31.96 0
31.97 0
31.98 0
31.99 0
32.00 0
32.01 0
32.02 0
32.03 0
32.04 0
32.05 0
32.06 0
32.07 0
32.08 0
32.09 0
32.10 0
32.11 0
32.12 0
32.13 0
32.14 0
32.15 0
32.16 0
32.17 0
32.18 0
32.19 0
32.20 0
32.21 0
32.22 0
32.23 0
32.24 0
32.25 0
32.26 0
32.27 0
32.28 0
32.29 0
32.30 0
32.31 0
32.32 0
32.33 0
32.34 0
32.35 0
32.36 0
32.37 0
32.38 0
32.39 0
32.40 0
32.41 0
32.42 0
32.43 0
32.44 0
32.45 0
32.46 0
32.47 0
32.48 0
32.49 0
32.50 0
32.51 0
32.52 0
32.53 0
32.54 0
32.55 0
32.56 0
32.57 0
32.58 0
32.59 0
32.60 0
32.61 0
32.62 0
32.63 0
32.64 0
32.65 0
32.66 0
32.67 0
32.68 0
32.69 0
32.70 0
32.71 0
32.72 0
32.73 0
32.74 0
32.75 0
32.76 0
32.77 0
32.78 0
32.79 0
32.80 0
32.81 0
32.82 0
32.83 0
32.84 0
32.85 0
32.86 0
32.87 0
32.88 0
32.89 0
32.90 0
32.91 0
32.92 0
32.93 0
32.94 0
32.95 0
32.96 0
32.97 0
32.98 0
32.99 0
33.00 0
33.01 0
33.02 0
33.03 0
33.04 0
33.05 0
33.06 0
33.07 0
33.08 0
33.09 0
33.10 0
33.11 0
33.12 0
33.13 0
33.14 0
33.15 0
33.16 0
33.17 0
33.18 0
33.19 0
33.20 0
33.21 0
33.22 0
33.23 0
33.24 0
33.25 0
33.26 0
33.27 0
33.28 0
33.29 0
33.30 0
33.31 0
33.32 0
33.33 0
33.34 0
33.35 0
33.36 0
33.37 0
33.38 0
33.39 0
33.40 0
33.41 0
33.42 0
33.43 0
33.44 0
33.45 0
33.46 0
33.47 0
33.48 0
33.49 0
33.50 0
33.51 0
33.52 0
33.53 0
33.54 0
33.55 0
33.56 0
33.57 0
33.58 0
33.59 0
33.60 0
33.61 0
33.62 0
33.63 0
33.64 0
33.65 0
33.66 0
33.67 0
33.68 0
33.69 0
33.70 0
33.71 0
33.72 0
33.73 0
33.74 0
33.75 0
33.76 0
33.77 0
33.78 0
33.79 0
33.80 0
33.81 0
33.82 0
33.83 0
33.84 0
33.85 0
33.86 0
33.87 0
33.88 0
33.89 0
33.90 0
33.91 0
33.92 0
33.93 0
33.94 0
33.95 0
33.96 0
33.97 0
33.98 0
33.99 0
34.00 0
34.01 0
34.02 0
34.03 0
34.04 0
34.05 0
34.06 0
34.07 0
34.08 0
34.09 0
34.10 0
34.11 0
34.12 0
34.13 0
34.14 0
34.15 0
34.16 0
34.17 0
34.18 0
34.19 0
34.20 0
34.21 0
34.22 0
34.23 0
34.24 0
34.25 0
34.26 0
34.27 0
34.28 0
34.29 0
34.30 0
34.31 0
34.32 0
34.33 0
34.34 0
34.35 0
34.36 0
34.37 0
34.38 0
34.39 0
34.40 0
34.41 0
34.42 0
34.43 0
34.44 0
34.45 0
34.46 0
34.47 0
34.48 0
34.49 0
34.50 0
34.51 0
34.52 0
34.53 0
34.54 0
34.55 0
34.56 0
34.57 0
34.58 0
34.59 0
34.60 0
34.61 0
34.62 0
34.63 0
34.64 0
34.65 0
